 3.7430181017e+01  2.0328040780e+06
 3.7430970654e+01  2.0328040780e+06
 4.0349735136e+01  2.2385193842e+06
 4.0350586365e+01  2.2385193842e+06
 4.3269289255e+01  2.4275536764e+06
 4.3270202076e+01  2.4275536764e+06
 4.6188843375e+01  2.5955254362e+06
 4.6189817787e+01  2.5955254362e+06
 4.9108397494e+01  2.7385049877e+06
 4.9109433498e+01  2.7385049877e+06
 5.2027951613e+01  2.8531050644e+06
 5.2029049209e+01  2.8531050644e+06
 5.4947505732e+01  2.9365604316e+06
 5.4948664920e+01  2.9365604316e+06
 5.7867059852e+01  2.9867948104e+06
 5.7868280631e+01  2.9867948104e+06
 6.0786613971e+01  3.0024736014e+06
 6.0787896342e+01  3.0024736014e+06
 6.3706168090e+01  2.9830411848e+06
 6.3707512053e+01  2.9830411848e+06
 6.6625722210e+01  2.9287418815e+06
 6.6627127764e+01  2.9287418815e+06
 6.9545276329e+01  2.8406239856e+06
 6.9546743475e+01  2.8406239856e+06
 7.2464830448e+01  2.7205266201e+06
 7.2466359186e+01  2.7205266201e+06
 7.5384384568e+01  2.5710495174e+06
 7.5385974897e+01  2.5710495174e+06
 7.8303938687e+01  2.3955061737e+06
 7.8305590608e+01  2.3955061737e+06
 8.1223492806e+01  2.1978611688e+06
 8.1225206319e+01  2.1978611688e+06
 8.4143046925e+01  1.9826527756e+06
 8.4144822031e+01  1.9826527756e+06
 8.7062601045e+01  1.7549022898e+06
 8.7064437742e+01  1.7549022898e+06
 8.9982155164e+01  1.5200117989e+06
 8.9984053453e+01  1.5200117989e+06
 9.2901709283e+01  1.2836523591e+06
 9.2903669164e+01  1.2836523591e+06
 9.5821263403e+01  1.0516447686e+06
 9.5823284875e+01  1.0516447686e+06
 9.8740817522e+01  8.2983529815e+05
 9.8742900586e+01  8.2983529815e+05
 1.0166037164e+02  6.2396887294e+05
 1.0166251630e+02  6.2396887294e+05
 1.0457992576e+02  4.3956228115e+05
 1.0458213201e+02  4.3956228115e+05
 1.0749947988e+02  2.8178001854e+05
 1.0750174772e+02  2.8178001854e+05
 1.1041903400e+02  1.5531536091e+05
 1.1042136343e+02  1.5531536091e+05
 1.1333858812e+02  6.4279188033e+04
 1.1334097914e+02  6.4279188033e+04
 1.1625814224e+02  1.2098964613e+04
 1.1626059485e+02  1.2098964613e+04
 1.1917769636e+02  1.4301176418e+03
 1.1918021056e+02  1.4301176418e+03
 1.2209725048e+02  3.4081837958e+04
 1.2209982627e+02  3.4081837958e+04
 1.2501680460e+02  1.1095908076e+05
 1.2501944198e+02  1.1095908076e+05
 1.2793635871e+02  2.3202224934e+05
 1.2793905770e+02  2.3202224934e+05
 1.3085591283e+02  3.9626572386e+05
 1.3085867341e+02  3.9626572386e+05
 1.3377546695e+02  6.0171604832e+05
 1.3377828912e+02  6.0171604832e+05
 1.3669502107e+02  8.4545022026e+05
 1.3669790483e+02  8.4545022026e+05
 1.3961457519e+02  1.1236341460e+06
 1.3961752054e+02  1.1236341460e+06
 1.4253412931e+02  1.4315809364e+06
 1.4253713625e+02  1.4315809364e+06
 1.4545368343e+02  1.7638283315e+06
 1.4545675196e+02  1.7638283315e+06
 1.4837323755e+02  2.1142341643e+06
 1.4837636767e+02  2.1142341643e+06
 1.5129279167e+02  2.4760884107e+06
 1.5129598338e+02  2.4760884107e+06
 1.5421234579e+02  2.8422400330e+06
 1.5421559910e+02  2.8422400330e+06
 1.5713189991e+02  3.2052365118e+06
 1.5713521481e+02  3.2052365118e+06
 1.6005145403e+02  3.5574736872e+06
 1.6005483052e+02  3.5574736872e+06
 1.6297100815e+02  3.8913532902e+06
 1.6297444623e+02  3.8913532902e+06
 1.6589056227e+02  4.1994453595e+06
 1.6589406194e+02  4.1994453595e+06
 1.6881011639e+02  4.4746525923e+06
 1.6881367765e+02  4.4746525923e+06
 1.7172967050e+02  4.7103735916e+06
 1.7173329336e+02  4.7103735916e+06
 1.7464922462e+02  4.9006619368e+06
 1.7465290907e+02  4.9006619368e+06
 1.7756877874e+02  5.0403780216e+06
 1.7757252478e+02  5.0403780216e+06
 1.8048833286e+02  5.1253306843e+06
 1.8049214049e+02  5.1253306843e+06
 1.8340788698e+02  5.1524057813e+06
 1.8341175621e+02  5.1524057813e+06
 1.8632744110e+02  5.1196790413e+06
 1.8633137192e+02  5.1196790413e+06
 1.8924699522e+02  5.0265107695e+06
 1.8925098763e+02  5.0265107695e+06
 1.9216654934e+02  4.8736202526e+06
 1.9217060334e+02  4.8736202526e+06
 1.9508610346e+02  4.6631380364e+06
 1.9509021905e+02  4.6631380364e+06
 1.9800565758e+02  4.3986346050e+06
 1.9800983476e+02  4.3986346050e+06
 2.0092521170e+02  4.0851243830e+06
 2.0092945047e+02  4.0851243830e+06
 2.0384476582e+02  3.7290443892e+06
 2.0384906618e+02  3.7290443892e+06
 2.0676431994e+02  3.3382073052e+06
 2.0676868189e+02  3.3382073052e+06
 2.0968387406e+02  2.9217291553e+06
 2.0968829760e+02  2.9217291553e+06
 2.1260342817e+02  2.4899322390e+06
 2.1260791332e+02  2.4899322390e+06
 2.1552298229e+02  2.0542243890e+06
 2.1552752903e+02  2.0542243890e+06
 2.1844253641e+02  1.6269560485e+06
 2.1844714474e+02  1.6269560485e+06
 2.2136209053e+02  1.2212570619e+06
 2.2136676045e+02  1.2212570619e+06
 2.2428164465e+02  8.5085544466e+05
 2.2428637616e+02  8.5085544466e+05
 2.2720119877e+02  5.2988073385e+05
 2.2720599187e+02  5.2988073385e+05
 2.3012075289e+02  2.7265481914e+05
 2.3012560758e+02  2.7265481914e+05
 2.3304030701e+02  9.3473401801e+04
 2.3304522329e+02  9.3473401801e+04
 2.3595986113e+02  6.3814307609e+03
 2.3596483900e+02  6.3814307609e+03
 2.3887941525e+02  2.4946009248e+04
 2.3888445471e+02  2.4946009248e+04
 2.4179896937e+02  1.6203035371e+05
 2.4180407043e+02  1.6203035371e+05
 2.4471852349e+02  4.2957241624e+05
 2.4472368614e+02  4.2957241624e+05
 2.4763807761e+02  8.3837175123e+05
 2.4764330185e+02  8.3837175123e+05
 2.5055763173e+02  1.3978881173e+06
 2.5056291756e+02  1.3978881173e+06
 2.5347718584e+02  2.1160551573e+06
 2.5348253327e+02  2.1160551573e+06
 2.5639673996e+02  2.9991122957e+06
 2.5640214898e+02  2.9991122957e+06
 2.5931629408e+02  4.0514577360e+06
 2.5932176469e+02  4.0514577360e+06
 2.6223584820e+02  5.2755251340e+06
 2.6224138040e+02  5.2755251340e+06
 2.6515540232e+02  6.6716861767e+06
 2.6516099611e+02  6.6716861767e+06
 2.6807495644e+02  8.2381809073e+06
 2.6808061182e+02  8.2381809073e+06
 2.7099451056e+02  9.9710772185e+06
 2.7100022754e+02  9.9710772185e+06
 2.7391406468e+02  1.1864260493e+07
 2.7391984325e+02  1.1864260493e+07
 2.7683361880e+02  1.3909453909e+07
 2.7683945896e+02  1.3909453909e+07
 2.7975317292e+02  1.6096269459e+07
 2.7975907467e+02  1.6096269459e+07
 2.8267272704e+02  1.8412289255e+07
 2.8267869038e+02  1.8412289255e+07
 2.8559228116e+02  2.0843176218e+07
 2.8559830609e+02  2.0843176218e+07
 2.8851183528e+02  2.3372812824e+07
 2.8851792180e+02  2.3372812824e+07
 2.9143138940e+02  2.5983466092e+07
 2.9143753751e+02  2.5983466092e+07
 2.9435094351e+02  2.8655976654e+07
 2.9435715322e+02  2.8655976654e+07
 2.9727049763e+02  3.1369969328e+07
 2.9727676894e+02  3.1369969328e+07
 3.0019005175e+02  3.4104082302e+07
 3.0019638465e+02  3.4104082302e+07
 3.0310960587e+02  3.6836211755e+07
 3.0311600036e+02  3.6836211755e+07
 3.0602915999e+02  3.9543768484e+07
 3.0603561607e+02  3.9543768484e+07
 3.0894871411e+02  4.2203942955e+07
 3.0895523178e+02  4.2203942955e+07
 3.1186826823e+02  4.4793975028e+07
 3.1187484749e+02  4.4793975028e+07
 3.1478782235e+02  4.7291424575e+07
 3.1479446320e+02  4.7291424575e+07
 3.1770737647e+02  4.9674439186e+07
 3.1771407891e+02  4.9674439186e+07
 3.2062693059e+02  5.1922015196e+07
 3.2063369462e+02  5.1922015196e+07
 3.2354648471e+02  5.4014248389e+07
 3.2355331033e+02  5.4014248389e+07
 3.2646603883e+02  5.5932570899e+07
 3.2647292605e+02  5.5932570899e+07
 3.2938559295e+02  5.7659971034e+07
 3.2939254176e+02  5.7659971034e+07
 3.3230514707e+02  5.9181193011e+07
 3.3231215747e+02  5.9181193011e+07
 3.3522470119e+02  6.0482913929e+07
 3.3523177318e+02  6.0482913929e+07
 3.3814425530e+02  6.1553895605e+07
 3.3815138889e+02  6.1553895605e+07
 3.4106380942e+02  6.2385109342e+07
 3.4107100460e+02  6.2385109342e+07
 3.4398336354e+02  6.2969832042e+07
 3.4399062031e+02  6.2969832042e+07
 3.4690291766e+02  6.3303712572e+07
 3.4691023602e+02  6.3303712572e+07
 3.4982247178e+02  6.3384807678e+07
 3.4982985173e+02  6.3384807678e+07
 3.5274202590e+02  6.3213587229e+07
 3.5274946744e+02  6.3213587229e+07
 3.5566158002e+02  6.2792909004e+07
 3.5566908316e+02  6.2792909004e+07
 3.5858113414e+02  6.2127963672e+07
 3.5858869887e+02  6.2127963672e+07
 3.6150068826e+02  6.1226191061e+07
 3.6150831458e+02  6.1226191061e+07
 3.6442024238e+02  6.0097169192e+07
 3.6442793029e+02  6.0097169192e+07
 3.6733979650e+02  5.8752477934e+07
 3.6734754600e+02  5.8752477934e+07
 3.7025935062e+02  5.7205539508e+07
 3.7026716171e+02  5.7205539508e+07
 3.7317890474e+02  5.5471438314e+07
 3.7318677742e+02  5.5471438314e+07
 3.7609845886e+02  5.3566722889e+07
 3.7610639313e+02  5.3566722889e+07
 3.7901801297e+02  5.1509192954e+07
 3.7902600884e+02  5.1509192954e+07
 3.8193756709e+02  4.9317674725e+07
 3.8194562455e+02  4.9317674725e+07
 3.8485712121e+02  4.7011787750e+07
 3.8486524027e+02  4.7011787750e+07
 3.8777667533e+02  4.4611706612e+07
 3.8778485598e+02  4.4611706612e+07
 3.9069622945e+02  4.2137920846e+07
 3.9070447169e+02  4.2137920846e+07
 3.9361578357e+02  3.9610996390e+07
 3.9362408740e+02  3.9610996390e+07
 3.9653533769e+02  3.7051341782e+07
 3.9654370311e+02  3.7051341782e+07
 3.9945489181e+02  3.4478982212e+07
 3.9946331882e+02  3.4478982212e+07
 4.0237444593e+02  3.1913344313e+07
 4.0238293453e+02  3.1913344313e+07
 4.0529400005e+02  2.9373054413e+07
 4.0530255024e+02  2.9373054413e+07
 4.0821355417e+02  2.6875752651e+07
 4.0822216595e+02  2.6875752651e+07
 4.1113310829e+02  2.4437925126e+07
 4.1114178167e+02  2.4437925126e+07
 4.1405266241e+02  2.2074755891e+07
 4.1406139738e+02  2.2074755891e+07
 4.1697221653e+02  1.9800000304e+07
 4.1698101309e+02  1.9800000304e+07
 4.1989177064e+02  1.7625880861e+07
 4.1990062880e+02  1.7625880861e+07
 4.2281132476e+02  1.5563006308e+07
 4.2282024451e+02  1.5563006308e+07
 4.2573087888e+02  1.3620314451e+07
 4.2573986022e+02  1.3620314451e+07
 4.2865043300e+02  1.1805038710e+07
 4.2865947593e+02  1.1805038710e+07
 4.3156998712e+02  1.0122698140e+07
 4.3157909164e+02  1.0122698140e+07
 4.3448954124e+02  8.5771102812e+06
 4.3449870735e+02  8.5771102812e+06
 4.3740909536e+02  7.1704258749e+06
 4.3741832306e+02  7.1704258749e+06
 4.4032864948e+02  5.9031842171e+06
 4.4033793878e+02  5.9031842171e+06
 4.4324820360e+02  4.7743876146e+06
 4.4325755449e+02  4.7743876146e+06
 4.4616775772e+02  3.7815931967e+06
 4.4617717020e+02  3.7815931967e+06
 4.4908731184e+02  2.9210201231e+06
 4.4909678591e+02  2.9210201231e+06
 4.5200686596e+02  2.1876700619e+06
 4.5201640162e+02  2.1876700619e+06
 4.5492642008e+02  1.5754586859e+06
 4.5493601733e+02  1.5754586859e+06
 4.5784597420e+02  1.0773558440e+06
 4.5785563304e+02  1.0773558440e+06
 4.6076552832e+02  6.8553201730e+05
 4.6077524875e+02  6.8553201730e+05
 4.6368508243e+02  3.9150865849e+05
 4.6369486446e+02  3.9150865849e+05
 4.6660463655e+02  1.8631004191e+05
 4.6661448017e+02  1.8631004191e+05
 4.6952419067e+02  6.0614317259e+04
 4.6953409589e+02  6.0614317259e+04
 4.7244374479e+02  4.9015594826e+03
 4.7245371160e+02  4.9015594826e+03
 4.7536329891e+02  9.5967392437e+03
 4.7537332731e+02  9.5967392437e+03
 4.7828285303e+02  6.5205698990e+04
 4.7829294302e+02  6.5205698990e+04
 4.8120240715e+02  1.6244240519e+05
 4.8121255873e+02  1.6244240519e+05
 4.8412196127e+02  2.9234595439e+05
 4.8413217444e+02  2.9234595439e+05
 4.8704151539e+02  4.4638603486e+05
 4.8705179015e+02  4.4638603486e+05
 4.8996106951e+02  6.1655578276e+05
 4.8997140586e+02  6.1655578276e+05
 4.9288062363e+02  7.9545121708e+05
 4.9289102157e+02  7.9545121708e+05
 4.9580017775e+02  9.7633668758e+05
 4.9581063728e+02  9.7633668758e+05
 4.9871973187e+02  1.1531960191e+06
 4.9873025300e+02  1.1531960191e+06
 5.0163928599e+02  1.3207692810e+06
 5.0164986871e+02  1.3207692810e+06
 5.0455884010e+02  1.4745753459e+06
 5.0456948442e+02  1.4745753459e+06
 5.0747839422e+02  1.6109206293e+06
 5.0748910013e+02  1.6109206293e+06
 5.1039794834e+02  1.7268946059e+06
 5.1040871584e+02  1.7268946059e+06
 5.1331750246e+02  1.8203528943e+06
 5.1332833155e+02  1.8203528943e+06
 5.1623705658e+02  1.8898888669e+06
 5.1624794726e+02  1.8898888669e+06
 5.1915661070e+02  1.9347948896e+06
 5.1916756297e+02  1.9347948896e+06
 5.2207616482e+02  1.9550144190e+06
 5.2208717868e+02  1.9550144190e+06
 5.2499571894e+02  1.9510862756e+06
 5.2500679439e+02  1.9510862756e+06
 5.2791527306e+02  1.9240824846e+06
 5.2792641011e+02  1.9240824846e+06
 5.3083482718e+02  1.8755411156e+06
 5.3084602582e+02  1.8755411156e+06
 5.3375438130e+02  1.8073955667e+06
 5.3376564153e+02  1.8073955667e+06
 5.3667393542e+02  1.7219017295e+06
 5.3668525724e+02  1.7219017295e+06
 5.3959348954e+02  1.6215644361e+06
 5.3960487295e+02  1.6215644361e+06
 5.4251304366e+02  1.5090645285e+06
 5.4252448866e+02  1.5090645285e+06
 5.4543259777e+02  1.3871878161e+06
 5.4544410437e+02  1.3871878161e+06
 5.4835215189e+02  1.2587570825e+06
 5.4836372008e+02  1.2587570825e+06
 5.5127170601e+02  1.1265681960e+06
 5.5128333579e+02  1.1265681960e+06
 5.5419126013e+02  9.9333124174e+05
 5.5420295151e+02  9.9333124174e+05
 5.5711081425e+02  8.6161746330e+05
 5.5712256722e+02  8.6161746330e+05
 5.6003036837e+02  7.3381264721e+05
 5.6004218293e+02  7.3381264721e+05
 5.6294992249e+02  6.1207743857e+05
 5.6296179864e+02  6.1207743857e+05
 5.6586947661e+02  4.9831491939e+05
 5.6588141435e+02  4.9831491939e+05
 5.6878903073e+02  3.9414563046e+05
 5.6880103006e+02  3.9414563046e+05
 5.7170858485e+02  3.0089006921e+05
 5.7172064577e+02  3.0089006921e+05
 5.7462813897e+02  2.1955855380e+05
 5.7464026148e+02  2.1955855380e+05
 5.7754769309e+02  1.5084821081e+05
 5.7755987719e+02  1.5084821081e+05
 5.8046724721e+02  9.5146721293e+04
 5.8047949290e+02  9.5146721293e+04
 5.8338680133e+02  5.2542350373e+04
 5.8339910862e+02  5.2542350373e+04
 5.8630635544e+02  2.2839690040e+04
 5.8631872433e+02  2.2839690040e+04
 5.8922590956e+02  5.5804644156e+03
 5.8923834004e+02  5.5804644156e+03
 5.9214546368e+02  6.8682979484e+01
 5.9215795575e+02  6.8682979484e+01
 5.9506501780e+02  5.3993798249e+03
 5.9507757146e+02  5.3993798249e+03
 5.9798457192e+02  2.0490146697e+04
 5.9799718717e+02  2.0490146697e+04
 6.0090412604e+02  4.4114653915e+04
 6.0091680288e+02  4.4114653915e+04
 6.0382368016e+02  7.4937355941e+04
 6.0383641859e+02  7.4937355941e+04
 6.0674323428e+02  1.1154859653e+05
 6.0675603430e+02  1.1154859653e+05
 6.0966278840e+02  1.5249936108e+05
 6.0967565001e+02  1.5249936108e+05
 6.1258234252e+02  1.9633496979e+05
 6.1259526573e+02  1.9633496979e+05
 6.1550189664e+02  2.4162706274e+05
 6.1551488144e+02  2.4162706274e+05
 6.1842145076e+02  2.8700329610e+05
 6.1843449715e+02  2.8700329610e+05
 6.2134100488e+02  3.3117424472e+05
 6.2135411286e+02  3.3117424472e+05
 6.2426055900e+02  3.7295708898e+05
 6.2427372857e+02  3.7295708898e+05
 6.2718011312e+02  4.1129575124e+05
 6.2719334428e+02  4.1129575124e+05
 6.3009966723e+02  4.4527723715e+05
 6.3011295999e+02  4.4527723715e+05
 6.3301922135e+02  4.7414402759e+05
 6.3303257570e+02  4.7414402759e+05
 6.3593877547e+02  4.9730245695e+05
 6.3595219141e+02  4.9730245695e+05
 6.3885832959e+02  5.1432709997e+05
 6.3887180712e+02  5.1432709997e+05
 6.4177788371e+02  5.2496127196e+05
 6.4179142284e+02  5.2496127196e+05
 6.4469743783e+02  5.2911382340e+05
 6.4471103855e+02  5.2911382340e+05
 6.4761699195e+02  5.2685247930e+05
 6.4763065426e+02  5.2685247930e+05
 6.5053654607e+02  5.1839403476e+05
 6.5055026997e+02  5.1839403476e+05
 6.5345610019e+02  5.0409176936e+05
 6.5346988568e+02  5.0409176936e+05
 6.5637565431e+02  4.8442048573e+05
 6.5638950139e+02  4.8442048573e+05
 6.5929520843e+02  4.5995960832e+05
 6.5930911710e+02  4.5995960832e+05
 6.6221476255e+02  4.3137480027e+05
 6.6222873281e+02  4.3137480027e+05
 6.6513431667e+02  3.9939856642e+05
 6.6514834852e+02  3.9939856642e+05
 6.6805387079e+02  3.6481031080e+05
 6.6806796424e+02  3.6481031080e+05
 6.7097342490e+02  3.2841630781e+05
 6.7098757995e+02  3.2841630781e+05
 6.7389297902e+02  2.9103002696e+05
 6.7390719566e+02  2.9103002696e+05
 6.7681253314e+02  2.5345322435e+05
 6.7682681137e+02  2.5345322435e+05
 6.7973208726e+02  2.1645817872e+05
 6.7974642708e+02  2.1645817872e+05
 6.8265164138e+02  1.8077140906e+05
 6.8266604279e+02  1.8077140906e+05
 6.8557119550e+02  1.4705916372e+05
 6.8558565850e+02  1.4705916372e+05
 6.8849074962e+02  1.1591492026e+05
 6.8850527421e+02  1.1591492026e+05
 6.9141030374e+02  8.7849081158e+04
 6.9142488992e+02  8.7849081158e+04
 6.9432985786e+02  6.3280995346e+04
 6.9434450563e+02  6.3280995346e+04
 6.9724941198e+02  4.2533379122e+04
 6.9726412135e+02  4.2533379122e+04
 7.0016896610e+02  2.5829154933e+04
 7.0018373706e+02  2.5829154933e+04
 7.0308852022e+02  1.3290673073e+04
 7.0310335277e+02  1.3290673073e+04
 7.0600807434e+02  4.9412308866e+03
 7.0602296848e+02  4.9412308866e+03
 7.0892762846e+02  7.0875750308e+02
 7.0894258419e+02  7.0875750308e+02
 7.1184718257e+02  4.3149030214e+02
 7.1186219990e+02  4.3149030214e+02
 7.1476673669e+02  3.8654329243e+03
 7.1478181561e+02  3.8654329243e+03
 7.1768629081e+02  1.0693354253e+04
 7.1770143132e+02  1.0693354253e+04
 7.2060584493e+02  2.0535063833e+04
 7.2062104703e+02  2.0535063833e+04
 7.2352539905e+02  3.2958681906e+04
 7.2354066274e+02  3.2958681906e+04
 7.2644495317e+02  4.7492611792e+04
 7.2646027846e+02  4.7492611792e+04
 7.2936450729e+02  6.3637918595e+04
 7.2937989417e+02  6.3637918595e+04
 7.3228406141e+02  8.0880821141e+04
 7.3229950988e+02  8.0880821141e+04
 7.3520361553e+02  9.8705013175e+04
 7.3521912559e+02  9.8705013175e+04
 7.3812316965e+02  1.1660354486e+05
 7.3813874130e+02  1.1660354486e+05
 7.4104272377e+02  1.3409001592e+05
 7.4105835701e+02  1.3409001592e+05
 7.4396227789e+02  1.5070885676e+05
 7.4397797272e+02  1.5070885676e+05
 7.4688183201e+02  1.6604450270e+05
 7.4689758843e+02  1.6604450270e+05
 7.4980138613e+02  1.7972929879e+05
 7.4981720414e+02  1.7972929879e+05
 7.5272094024e+02  1.9145000679e+05
 7.5273681985e+02  1.9145000679e+05
 7.5564049436e+02  2.0095282214e+05
 7.5565643557e+02  2.0095282214e+05
 7.5856004848e+02  2.0804684541e+05
 7.5857605128e+02  2.0804684541e+05
 7.6147960260e+02  2.1260598893e+05
 7.6149566699e+02  2.1260598893e+05
 7.6439915672e+02  2.1456933547e+05
 7.6441528270e+02  2.1456933547e+05
 7.6731871084e+02  2.1393999902e+05
 7.6733489841e+02  2.1393999902e+05
 7.7023826496e+02  2.1078257015e+05
 7.7025451412e+02  2.1078257015e+05
 7.7315781908e+02  2.0521925617e+05
 7.7317412983e+02  2.0521925617e+05
 7.7607737320e+02  1.9742485216e+05
 7.7609374554e+02  1.9742485216e+05
 7.7899692732e+02  1.8762069966e+05
 7.7901336125e+02  1.8762069966e+05
 7.8191648144e+02  1.7606780705e+05
 7.8193297696e+02  1.7606780705e+05
 7.8483603556e+02  1.6305931802e+05
 7.8485259268e+02  1.6305931802e+05
 7.8775558968e+02  1.4891252245e+05
 7.8777220839e+02  1.4891252245e+05
 7.9067514380e+02  1.3396060741e+05
 7.9069182410e+02  1.3396060741e+05
 7.9359469792e+02  1.1854434479e+05
 7.9361143981e+02  1.1854434479e+05
 7.9651425203e+02  1.0300390629e+05
 7.9653105552e+02  1.0300390629e+05
 7.9943380615e+02  8.7670987322e+04
 7.9945067123e+02  8.7670987322e+04
 8.0235336027e+02  7.2861407674e+04
 8.0237028694e+02  7.2861407674e+04
 8.0527291439e+02  5.8868340379e+04
 8.0528990265e+02  5.8868340379e+04
 8.0819246851e+02  4.5956300757e+04
 8.0820951836e+02  4.5956300757e+04
 8.1111202263e+02  3.4356005902e+04
 8.1112913408e+02  3.4356005902e+04
 8.1403157675e+02  2.4260191405e+04
 8.1404874979e+02  2.4260191405e+04
 8.1695113087e+02  1.5820447568e+04
 8.1696836550e+02  1.5820447568e+04
 8.1987068499e+02  9.1451121539e+03
 8.1988798121e+02  9.1451121539e+03
 8.2279023911e+02  4.2982315866e+03
 8.2280759692e+02  4.2982315866e+03
 8.2570979323e+02  1.2995779313e+03
 8.2572721263e+02  1.2995779313e+03
 8.2862934735e+02  1.2568550890e+02
 8.2864682834e+02  1.2568550890e+02
 8.3154890147e+02  7.1184909137e+02
 8.3156644405e+02  7.1184909137e+02
 8.3446845559e+02  2.9550057667e+03
 8.3448605976e+02  2.9550057667e+03
 8.3738800970e+02  6.7174050872e+03
 8.3740567547e+02  6.7174050872e+03
 8.4030756382e+02  1.1830957367e+04
 8.4032529119e+02  1.1830957367e+04
 8.4322711794e+02  1.8102138198e+04
 8.4324490690e+02  1.8102138198e+04
 8.4614667206e+02  2.5317318593e+04
 8.4616452261e+02  2.5317318593e+04
 8.4906622618e+02  3.3248384722e+04
 8.4908413832e+02  3.3248384722e+04
 8.5198578030e+02  4.1658509013e+04
 8.5200375403e+02  4.1658509013e+04
 8.5490533442e+02  5.0307935375e+04
 8.5492336974e+02  5.0307935375e+04
 8.5782488854e+02  5.8959645378e+04
 8.5784298545e+02  5.8959645378e+04
 8.6074444266e+02  6.7384779166e+04
 8.6076260116e+02  6.7384779166e+04
 8.6366399678e+02  7.5367694457e+04
 8.6368221687e+02  7.5367694457e+04
 8.6658355090e+02  8.2710558910e+04
 8.6660183258e+02  8.2710558910e+04
 8.6950310502e+02  8.9237385076e+04
 8.6952144830e+02  8.9237385076e+04
 8.7242265914e+02  9.4797432691e+04
 8.7244106401e+02  9.4797432691e+04
 8.7534221326e+02  9.9267919843e+04
 8.7536067972e+02  9.9267919843e+04
 8.7826176737e+02  1.0255600214e+05
 8.7828029543e+02  1.0255600214e+05
 8.8118132149e+02  1.0459999701e+05
 8.8119991114e+02  1.0459999701e+05
 8.8410087561e+02  1.0536984814e+05
 8.8411952685e+02  1.0536984814e+05
 8.8702042973e+02  1.0486684269e+05
 8.8703914256e+02  1.0486684269e+05
 8.8993998385e+02  1.0312261059e+05
 8.8995875827e+02  1.0312261059e+05
 8.9285953797e+02  1.0019745065e+05
 8.9287837398e+02  1.0019745065e+05
 8.9577909209e+02  9.6178042502e+04
 8.9579798969e+02  9.6178042502e+04
 8.9869864621e+02  9.1174615537e+04
 8.9871760541e+02  9.1174615537e+04
 9.0161820033e+02  8.5317656266e+04
 9.0163722112e+02  8.5317656266e+04
 9.0453775445e+02  7.8754243903e+04
 9.0455683683e+02  7.8754243903e+04
 9.0745730857e+02  7.1644109641e+04
 9.0747645254e+02  7.1644109641e+04
 9.1037686269e+02  6.4155518712e+04
 9.1039606825e+02  6.4155518712e+04
 9.1329641681e+02  5.6461075481e+04
 9.1331568396e+02  5.6461075481e+04
 9.1621597093e+02  4.8733550654e+04
 9.1623529967e+02  4.8733550654e+04
 9.1913552504e+02  4.1141826316e+04
 9.1915491538e+02  4.1141826316e+04
 9.2205507916e+02  3.3847049026e+04
 9.2207453109e+02  3.3847049026e+04
 9.2497463328e+02  2.6999073856e+04
 9.2499414681e+02  2.6999073856e+04
 9.2789418740e+02  2.0733273168e+04
 9.2791376252e+02  2.0733273168e+04
 9.3081374152e+02  1.5167773481e+04
 9.3083337823e+02  1.5167773481e+04
 9.3373329564e+02  1.0401172102e+04
 9.3375299394e+02  1.0401172102e+04
 9.3665284976e+02  6.5107727525e+03
 9.3667260965e+02  6.5107727525e+03
 9.3957240388e+02  3.5513663355e+03
 9.3959222536e+02  3.5513663355e+03
 9.4249195800e+02  1.5545697576e+03
 9.4251184107e+02  1.5545697576e+03
 9.4541151212e+02  5.2872249865e+02
 9.4543145678e+02  5.2872249865e+02
 9.4833106624e+02  4.5932780332e+02
 9.4835107249e+02  4.5932780332e+02
 9.5125062036e+02  1.3100131947e+03
 9.5127068820e+02  1.3100131947e+03
 9.5417017448e+02  3.0239737500e+03
 9.5419030392e+02  3.0239737500e+03
 9.5708972860e+02  5.5258514654e+03
 9.5710991963e+02  5.5258514654e+03
 9.6000928272e+02  8.7239952661e+03
 9.6002953534e+02  8.7239952661e+03
 9.6292883683e+02  1.2513038958e+04
 9.6294915105e+02  1.2513038958e+04
 9.6584839095e+02  1.6776728792e+04
 9.6586876676e+02  1.6776728792e+04
 9.6876794507e+02  2.1390928392e+04
 9.6878838247e+02  2.1390928392e+04
 9.7168749919e+02  2.6226726676e+04
 9.7170799818e+02  2.6226726676e+04
 9.7460705331e+02  3.1153573986e+04
 9.7462761389e+02  3.1153573986e+04
 9.7752660743e+02  3.6042373010e+04
 9.7754722960e+02  3.6042373010e+04
 9.8044616155e+02  4.0768454058e+04
 9.8046684531e+02  4.0768454058e+04
 9.8336571567e+02  4.5214368803e+04
 9.8338646103e+02  4.5214368803e+04
 9.8628526979e+02  4.9272442505e+04
 9.8630607674e+02  4.9272442505e+04
 9.8920482391e+02  5.2847031902e+04
 9.8922569245e+02  5.2847031902e+04
 9.9212437803e+02  5.5856444115e+04
 9.9214530816e+02  5.5856444115e+04
 9.9504393215e+02  5.8234480922e+04
 9.9506492387e+02  5.8234480922e+04
 9.9796348627e+02  5.9931582314e+04
 9.9798453958e+02  5.9931582314e+04
 1.0008830404e+03  6.0915553192e+04
 1.0009041553e+03  6.0915553192e+04
 1.0038025945e+03  6.1171867095e+04
 1.0038237710e+03  6.1171867095e+04
 1.0067221486e+03  6.0703550802e+04
 1.0067433867e+03  6.0703550802e+04
 1.0096417027e+03  5.9530663202e+04
 1.0096630024e+03  5.9530663202e+04
 1.0125612569e+03  5.7689390902e+04
 1.0125826181e+03  5.7689390902e+04
 1.0154808110e+03  5.5230791297e+04
 1.0155022338e+03  5.5230791297e+04
 1.0184003651e+03  5.2219221220e+04
 1.0184218496e+03  5.2219221220e+04
 1.0213199192e+03  4.8730495595e+04
 1.0213414653e+03  4.8730495595e+04
 1.0242394733e+03  4.4849825623e+04
 1.0242610810e+03  4.4849825623e+04
 1.0271590275e+03  4.0669589922e+04
 1.0271806967e+03  4.0669589922e+04
 1.0300785816e+03  3.6286994543e+04
 1.0301003124e+03  3.6286994543e+04
 1.0329981357e+03  3.1801678977e+04
 1.0330199281e+03  3.1801678977e+04
 1.0359176898e+03  2.7313325092e+04
 1.0359395438e+03  2.7313325092e+04
 1.0388372439e+03  2.2919324478e+04
 1.0388591595e+03  2.2919324478e+04
 1.0417567981e+03  1.8712556926e+04
 1.0417787752e+03  1.8712556926e+04
 1.0446763522e+03  1.4779328939e+04
 1.0446983910e+03  1.4779328939e+04
 1.0475959063e+03  1.1197516235e+04
 1.0476180067e+03  1.1197516235e+04
 1.0505154604e+03  8.0349484183e+03
 1.0505376224e+03  8.0349484183e+03
 1.0534350145e+03  5.3480674584e+03
 1.0534572381e+03  5.3480674584e+03
 1.0563545687e+03  3.1808844928e+03
 1.0563768538e+03  3.1808844928e+03
 1.0592741228e+03  1.5642519778e+03
 1.0592964695e+03  1.5642519778e+03
 1.0621936769e+03  5.1546047952e+02
 1.0622160852e+03  5.1546047952e+02
 1.0651132310e+03  3.8161657774e+01
 1.0651357009e+03  3.8161657774e+01
 1.0680327851e+03  1.2261138910e+02
 1.0680553166e+03  1.2261138910e+02
 1.0709523392e+03  7.4621970124e+02
 1.0709749324e+03  7.4621970124e+02
 1.0738718934e+03  1.8743873899e+03
 1.0738945481e+03  1.8743873899e+03
 1.0767914475e+03  3.4616030178e+03
 1.0768141638e+03  3.4616030178e+03
 1.0797110016e+03  5.4527685782e+03
 1.0797337795e+03  5.4527685782e+03
 1.0826305557e+03  7.7847175457e+03
 1.0826533952e+03  7.7847175457e+03
 1.0855501098e+03  1.0387885428e+04
 1.0855730109e+03  1.0387885428e+04
 1.0884696640e+03  1.3188090328e+04
 1.0884926266e+03  1.3188090328e+04
 1.0913892181e+03  1.6108379457e+04
 1.0914122423e+03  1.6108379457e+04
 1.0943087722e+03  1.9070897054e+04
 1.0943318580e+03  1.9070897054e+04
 1.0972283263e+03  2.1998729685e+04
 1.0972514738e+03  2.1998729685e+04
 1.1001478804e+03  2.4817686445e+04
 1.1001710895e+03  2.4817686445e+04
 1.1030674346e+03  2.7457974094e+04
 1.1030907052e+03  2.7457974094e+04
 1.1059869887e+03  2.9855730504e+04
 1.1060103209e+03  2.9855730504e+04
 1.1089065428e+03  3.1954383928e+04
 1.1089299366e+03  3.1954383928e+04
 1.1118260969e+03  3.3705810404e+04
 1.1118495523e+03  3.3705810404e+04
 1.1147456510e+03  3.5071266932e+04
 1.1147691680e+03  3.5071266932e+04
 1.1176652052e+03  3.6022083762e+04
 1.1176887837e+03  3.6022083762e+04
 1.1205847593e+03  3.6540105144e+04
 1.1206083994e+03  3.6540105144e+04
 1.1235043134e+03  3.6617873959e+04
 1.1235280152e+03  3.6617873959e+04
 1.1264238675e+03  3.6258561721e+04
 1.1264476309e+03  3.6258561721e+04
 1.1293434216e+03  3.5475651314e+04
 1.1293672466e+03  3.5475651314e+04
 1.1322629758e+03  3.4292385459e+04
 1.1322868623e+03  3.4292385459e+04
 1.1351825299e+03  3.2740999006e+04
 1.1352064780e+03  3.2740999006e+04
 1.1381020840e+03  3.0861757840e+04
 1.1381260937e+03  3.0861757840e+04
 1.1410216381e+03  2.8701831128e+04
 1.1410457094e+03  2.8701831128e+04
 1.1439411922e+03  2.6314026969e+04
 1.1439653251e+03  2.6314026969e+04
 1.1468607464e+03  2.3755423999e+04
 1.1468849408e+03  2.3755423999e+04
 1.1497803005e+03  2.1085933215e+04
 1.1498045566e+03  2.1085933215e+04
 1.1526998546e+03  1.8366825171e+04
 1.1527241723e+03  1.8366825171e+04
 1.1556194087e+03  1.5659257710e+04
 1.1556437880e+03  1.5659257710e+04
 1.1585389628e+03  1.3022838646e+04
 1.1585634037e+03  1.3022838646e+04
 1.1614585169e+03  1.0514256216e+04
 1.1614830194e+03  1.0514256216e+04
 1.1643780711e+03  8.1860078721e+03
 1.1644026351e+03  8.1860078721e+03
 1.1672976252e+03  6.0852549756e+03
 1.1673222508e+03  6.0852549756e+03
 1.1702171793e+03  4.2528274842e+03
 1.1702418665e+03  4.2528274842e+03
 1.1731367334e+03  2.7223986619e+03
 1.1731614822e+03  2.7223986619e+03
 1.1760562875e+03  1.5198454727e+03
 1.1760810980e+03  1.5198454727e+03
 1.1789758417e+03  6.6280564406e+02
 1.1790007137e+03  6.6280564406e+02
 1.1818953958e+03  1.6043756554e+02
 1.1819203294e+03  1.6043756554e+02
 1.1848149499e+03  1.3384326236e+01
 1.1848399451e+03  1.3384326236e+01
 1.1877345040e+03  2.1393840092e+02
 1.1877595608e+03  2.1393840092e+02
 1.1906540581e+03  7.4639888792e+02
 1.1906791765e+03  7.4639888792e+02
 1.1935736123e+03  1.5876088764e+03
 1.1935987922e+03  1.5876088764e+03
 1.1964931664e+03  2.7076565772e+03
 1.1965184079e+03  2.7076565772e+03
 1.1994127205e+03  4.0707203698e+03
 1.1994380236e+03  4.0707203698e+03
 1.2023322746e+03  5.6360349712e+03
 1.2023576394e+03  5.6360349712e+03
 1.2052518287e+03  7.3589535791e+03
 1.2052772551e+03  7.3589535791e+03
 1.2081713829e+03  9.1920791202e+03
 1.2081968708e+03  9.1920791202e+03
 1.2110909370e+03  1.1086436676e+04
 1.2111164865e+03  1.1086436676e+04
 1.2140104911e+03  1.2992658773e+04
 1.2140361022e+03  1.2992658773e+04
 1.2169300452e+03  1.4862155503e+04
 1.2169557179e+03  1.4862155503e+04
 1.2198495993e+03  1.6648242374e+04
 1.2198753336e+03  1.6648242374e+04
 1.2227691535e+03  1.8307200322e+04
 1.2227949493e+03  1.8307200322e+04
 1.2256887076e+03  1.9799244433e+04
 1.2257145650e+03  1.9799244433e+04
 1.2286082617e+03  2.1089380532e+04
 1.2286341808e+03  2.1089380532e+04
 1.2315278158e+03  2.2148131823e+04
 1.2315537965e+03  2.2148131823e+04
 1.2344473699e+03  2.2952121197e+04
 1.2344734122e+03  2.2952121197e+04
 1.2373669240e+03  2.3484498441e+04
 1.2373930279e+03  2.3484498441e+04
 1.2402864782e+03  2.3735205477e+04
 1.2403126436e+03  2.3735205477e+04
 1.2432060323e+03  2.3701076632e+04
 1.2432322593e+03  2.3701076632e+04
 1.2461255864e+03  2.3385774914e+04
 1.2461518750e+03  2.3385774914e+04
 1.2490451405e+03  2.2799569026e+04
 1.2490714907e+03  2.2799569026e+04
 1.2519646946e+03  2.1958959538e+04
 1.2519911064e+03  2.1958959538e+04
 1.2548842488e+03  2.0886165957e+04
 1.2549107222e+03  2.0886165957e+04
 1.2578038029e+03  1.9608489480e+04
 1.2578303379e+03  1.9608489480e+04
 1.2607233570e+03  1.8157568831e+04
 1.2607499536e+03  1.8157568831e+04
 1.2636429111e+03  1.6568548729e+04
 1.2636695693e+03  1.6568548729e+04
 1.2665624652e+03  1.4879182220e+04
 1.2665891850e+03  1.4879182220e+04
 1.2694820194e+03  1.3128889213e+04
 1.2695088007e+03  1.3128889213e+04
 1.2724015735e+03  1.1357794176e+04
 1.2724284164e+03  1.1357794176e+04
 1.2753211276e+03  9.6057659684e+03
 1.2753480321e+03  9.6057659684e+03
 1.2782406817e+03  7.9114823076e+03
 1.2782676478e+03  7.9114823076e+03
 1.2811602358e+03  6.3115403432e+03
 1.2811872635e+03  6.3115403432e+03
 1.2840797900e+03  4.8396333320e+03
 1.2841068793e+03  4.8396333320e+03
 1.2869993441e+03  3.5258114652e+03
 1.2870264950e+03  3.5258114652e+03
 1.2899188982e+03  2.3958425864e+03
 1.2899461107e+03  2.3958425864e+03
 1.2928384523e+03  1.4706859003e+03
 1.2928657264e+03  1.4706859003e+03
 1.2957580064e+03  7.6608887272e+02
 1.2957853421e+03  7.6608887272e+02
 1.2986775606e+03  2.9231444474e+02
 1.2987049578e+03  2.9231444474e+02
 1.3015971147e+03  5.4002496141e+01
 1.3016245735e+03  5.4002496141e+01
 1.3045166688e+03  5.0166271935e+01
 1.3045441892e+03  5.0166271935e+01
 1.3074362229e+03  2.7432131141e+02
 1.3074638049e+03  2.7432131141e+02
 1.3103557770e+03  7.1474135968e+02
 1.3103834207e+03  7.1474135968e+02
 1.3132753312e+03  1.3548328693e+03
 1.3133030364e+03  1.3548328693e+03
 1.3161948853e+03  2.1736170773e+03
 1.3162226521e+03  2.1736170773e+03
 1.3191144394e+03  3.1463063259e+03
 1.3191422678e+03  3.1463063259e+03
 1.3220339935e+03  4.2449593363e+03
 1.3220618835e+03  4.2449593363e+03
 1.3249535476e+03  5.4391985732e+03
 1.3249814992e+03  5.4391985732e+03
 1.3278731017e+03  6.6969716998e+03
 1.3279011149e+03  6.6969716998e+03
 1.3307926559e+03  7.9853384155e+03
 1.3308207306e+03  7.9853384155e+03
 1.3337122100e+03  9.2712637223e+03
 1.3337403463e+03  9.2712637223e+03
 1.3366317641e+03  1.0522398859e+04
 1.3366599621e+03  1.0522398859e+04
 1.3395513182e+03  1.1707831781e+04
 1.3395795778e+03  1.1707831781e+04
 1.3424708723e+03  1.2798790094e+04
 1.3424991935e+03  1.2798790094e+04
 1.3453904265e+03  1.3769280805e+04
 1.3454188092e+03  1.3769280805e+04
 1.3483099806e+03  1.4596652982e+04
 1.3483384249e+03  1.4596652982e+04
 1.3512295347e+03  1.5262071505e+04
 1.3512580406e+03  1.5262071505e+04
 1.3541490888e+03  1.5750892381e+04
 1.3541776563e+03  1.5750892381e+04
 1.3570686429e+03  1.6052932567e+04
 1.3570972720e+03  1.6052932567e+04
 1.3599881971e+03  1.6162629857e+04
 1.3600168877e+03  1.6162629857e+04
 1.3629077512e+03  1.6079091056e+04
 1.3629365035e+03  1.6079091056e+04
 1.3658273053e+03  1.5806029290e+04
 1.3658561192e+03  1.5806029290e+04
 1.3687468594e+03  1.5351593923e+04
 1.3687757349e+03  1.5351593923e+04
 1.3716664135e+03  1.4728098975e+04
 1.3716953506e+03  1.4728098975e+04
 1.3745859677e+03  1.3951658248e+04
 1.3746149663e+03  1.3951658248e+04
 1.3775055218e+03  1.3041737378e+04
 1.3775345820e+03  1.3041737378e+04
 1.3804250759e+03  1.2020634824e+04
 1.3804541977e+03  1.2020634824e+04
 1.3833446300e+03  1.0912905256e+04
 1.3833738134e+03  1.0912905256e+04
 1.3862641841e+03  9.7447399050e+03
 1.3862934291e+03  9.7447399050e+03
 1.3891837383e+03  8.5433192242e+03
 1.3892130449e+03  8.5433192242e+03
 1.3921032924e+03  7.3361535537e+03
 1.3921326606e+03  7.3361535537e+03
 1.3950228465e+03  6.1504275231e+03
 1.3950522763e+03  6.1504275231e+03
 1.3979424006e+03  5.0123635430e+03
 1.3979718920e+03  5.0123635430e+03
 1.4008619547e+03  3.9466190325e+03
 1.4008915077e+03  3.9466190325e+03
 1.4037815088e+03  2.9757309773e+03
 1.4038111234e+03  2.9757309773e+03
 1.4067010630e+03  2.1196200728e+03
 1.4067307391e+03  2.1196200728e+03
 1.4096206171e+03  1.3951650903e+03
 1.4096503548e+03  1.3951650903e+03
 1.4125401712e+03  8.1585627627e+02
 1.4125699705e+03  8.1585627627e+02
 1.4154597253e+03  3.9153458342e+02
 1.4154895863e+03  3.9153458342e+02
 1.4183792794e+03  1.2822140397e+02
 1.4184092020e+03  1.2822140397e+02
 1.4212988336e+03  2.8041265115e+01
 1.4213288177e+03  2.8041265115e+01
 1.4242183877e+03  8.9237724310e+01
 1.4242484334e+03  8.9237724310e+01
 1.4271379418e+03  3.0628050623e+02
 1.4271680491e+03  3.0628050623e+02
 1.4300574959e+03  6.7005981334e+02
 1.4300876648e+03  6.7005981334e+02
 1.4329770500e+03  1.1681617623e+03
 1.4330072805e+03  1.1681617623e+03
 1.4358966042e+03  1.7852170936e+03
 1.4359268962e+03  1.7852170936e+03
 1.4388161583e+03  2.5033137134e+03
 1.4388465119e+03  2.5033137134e+03
 1.4417357124e+03  3.3024622820e+03
 1.4417661277e+03  3.3024622820e+03
 1.4446552665e+03  4.1611030007e+03
 1.4446857434e+03  4.1611030007e+03
 1.4475748206e+03  5.0566409765e+03
 1.4476053591e+03  5.0566409765e+03
 1.4504943748e+03  5.9659970817e+03
 1.4505249748e+03  5.9659970817e+03
 1.4534139289e+03  6.8661610815e+03
 1.4534445905e+03  6.8661610815e+03
 1.4563334830e+03  7.7347339667e+03
 1.4563642062e+03  7.7347339667e+03
 1.4592530371e+03  8.5504468987e+03
 1.4592838219e+03  8.5504468987e+03
 1.4621725912e+03  9.2936449326e+03
 1.4622034376e+03  9.2936449326e+03
 1.4650921454e+03  9.9467247076e+03
 1.4651230533e+03  9.9467247076e+03
 1.4680116995e+03  1.0494516552e+04
 1.4680426691e+03  1.0494516552e+04
 1.4709312536e+03  1.0924602914e+04
 1.4709622848e+03  1.0924602914e+04
 1.4738508077e+03  1.1227566664e+04
 1.4738819005e+03  1.1227566664e+04
 1.4767703618e+03  1.1397164561e+04
 1.4768015162e+03  1.1397164561e+04
 1.4796899160e+03  1.1430423012e+04
 1.4797211319e+03  1.1430423012e+04
 1.4826094701e+03  1.1327655144e+04
 1.4826407476e+03  1.1327655144e+04
 1.4855290242e+03  1.1092400048e+04
 1.4855603633e+03  1.1092400048e+04
 1.4884485783e+03  1.0731286892e+04
 1.4884799790e+03  1.0731286892e+04
 1.4913681324e+03  1.0253828315e+04
 1.4913995947e+03  1.0253828315e+04
 1.4942876865e+03  9.6721491111e+03
 1.4943192105e+03  9.6721491111e+03
 1.4972072407e+03  9.0006576290e+03
 1.4972388262e+03  9.0006576290e+03
