 1.3160785616e-03  4.7998129634e+07
 1.4187326894e-03  5.2611392155e+07
 1.5213868172e-03  5.6925401988e+07
 1.6240409450e-03  6.0847536094e+07
 1.7266950728e-03  6.4292835890e+07
 1.8293492006e-03  6.7185808490e+07
 1.9320033284e-03  6.9462055456e+07
 2.0346574562e-03  7.1069696371e+07
 2.1373115840e-03  7.1970558174e+07
 2.2399657118e-03  7.2141105356e+07
 2.3426198396e-03  7.1573090830e+07
 2.4452739674e-03  7.0273912289e+07
 2.5479280952e-03  6.8266664299e+07
 2.6505822230e-03  6.5589881944e+07
 2.7532363508e-03  6.2296977562e+07
 2.8558904786e-03  5.8455377842e+07
 2.9585446064e-03  5.4145374210e+07
 3.0611987343e-03  4.9458704884e+07
 3.1638528621e-03  4.4496892165e+07
 3.2665069899e-03  3.9369363338e+07
 3.3691611177e-03  3.4191387876e+07
 3.4718152455e-03  2.9081867450e+07
 3.5744693733e-03  2.4161018406e+07
 3.6771235011e-03  1.9547988863e+07
 3.7797776289e-03  1.5358454370e+07
 3.8824317567e-03  1.1702237026e+07
 3.9850858845e-03  8.6809932269e+06
 4.0877400123e-03  6.3860145620e+06
 4.1903941401e-03  4.8961850426e+06
 4.2930482679e-03  4.2761356565e+06
 4.3957023957e-03  4.5746343351e+06
 4.4983565235e-03  5.8232458056e+06
 4.6010106513e-03  8.0352915245e+06
 4.7036647791e-03  1.1205135044e+07
 4.8063189069e-03  1.5307812807e+07
 4.9089730347e-03  2.0299024582e+07
 5.0116271625e-03  2.6115491680e+07
 5.1142812903e-03  3.2675684745e+07
 5.2169354181e-03  3.9880916495e+07
 5.3195895459e-03  4.7616788354e+07
 5.4222436737e-03  5.5754973538e+07
 5.5248978015e-03  6.4155313076e+07
 5.6275519293e-03  7.2668195376e+07
 5.7302060572e-03  8.1137184567e+07
 5.8328601850e-03  8.9401857954e+07
 5.9355143128e-03  9.7300808604e+07
 6.0381684406e-03  1.0467476548e+08
 6.1408225684e-03  1.1136978061e+08
 6.2434766962e-03  1.1724043078e+08
 6.3461308240e-03  1.2215297987e+08
 6.4487849518e-03  1.2598844765e+08
 6.5514390796e-03  1.2864553134e+08
 6.6540932074e-03  1.3004332764e+08
 6.7567473352e-03  1.3012380513e+08
 6.8594014630e-03  1.2885398008e+08
 6.9620555908e-03  1.2622775259e+08
 7.0647097186e-03  1.2226736472e+08
 7.1673638464e-03  1.1702444733e+08
 7.2700179742e-03  1.1058062862e+08
 7.3726721020e-03  1.0304768346e+08
 7.4753262298e-03  9.4567209647e+07
 7.5779803576e-03  8.5309824282e+07
 7.6806344854e-03  7.5473880870e+07
 7.7832886132e-03  6.5283715039e+07
 7.8859427410e-03  5.4987434326e+07
 7.9885968688e-03  4.4854274616e+07
 8.0912509966e-03  3.5171552822e+07
 8.1939051244e-03  2.6241252019e+07
 8.2965592522e-03  1.8376281351e+07
 8.3992133800e-03  1.1896458576e+07
 8.5018675079e-03  7.1242679988e+06
 8.6045216357e-03  4.3804506843e+06
 8.7071757635e-03  3.9794871376e+06
 8.8098298913e-03  6.2250351029e+06
 8.9124840191e-03  1.1405386656e+07
 9.0151381469e-03  1.9789009360e+07
 9.1177922747e-03  3.1620235878e+07
 9.2204464025e-03  4.7115165129e+07
 9.3231005303e-03  6.6457835803e+07
 9.4257546581e-03  8.9796729863e+07
 9.5284087859e-03  1.1724165966e+08
 9.6310629137e-03  1.4886108737e+08
 9.7337170415e-03  1.8467991999e+08
 9.8363711693e-03  2.2467781671e+08
 9.9390252971e-03  2.6878803879e+08
 1.0041679425e-02  3.1689686474e+08
 1.0144333553e-02  3.6884358601e+08
 1.0246987681e-02  4.2442109024e+08
 1.0349641808e-02  4.8337703153e+08
 1.0452295936e-02  5.4541557861e+08
 1.0554950064e-02  6.1019972434e+08
 1.0657604192e-02  6.7735413172e+08
 1.0760258320e-02  7.4646848470e+08
 1.0862912447e-02  8.1710130465e+08
 1.0965566575e-02  8.8878418715e+08
 1.1068220703e-02  9.6102640796e+08
 1.1170874831e-02  1.0333198418e+09
 1.1273528959e-02  1.1051441333e+09
 1.1376183086e-02  1.1759720563e+09
 1.1478837214e-02  1.2452749944e+09
 1.1581491342e-02  1.3125284748e+09
 1.1684145470e-02  1.3772176863e+09
 1.1786799598e-02  1.4388429130e+09
 1.1889453725e-02  1.4969248155e+09
 1.1992107853e-02  1.5510094947e+09
 1.2094761981e-02  1.6006732755e+09
 1.2197416109e-02  1.6455271527e+09
 1.2300070237e-02  1.6852208432e+09
 1.2402724364e-02  1.7194463977e+09
 1.2505378492e-02  1.7479413292e+09
 1.2608032620e-02  1.7704912208e+09
 1.2710686748e-02  1.7869317848e+09
 1.2813340876e-02  1.7971503513e+09
 1.2915995003e-02  1.8010867710e+09
 1.3018649131e-02  1.7987337267e+09
 1.3121303259e-02  1.7901364537e+09
 1.3223957387e-02  1.7753918782e+09
 1.3326611515e-02  1.7546471892e+09
 1.3429265642e-02  1.7280978681e+09
 1.3531919770e-02  1.6959852040e+09
 1.3634573898e-02  1.6585933334e+09
 1.3737228026e-02  1.6162458429e+09
 1.3839882154e-02  1.5693019847e+09
 1.3942536281e-02  1.5181525540e+09
 1.4045190409e-02  1.4632154834e+09
 1.4147844537e-02  1.4049312130e+09
 1.4250498665e-02  1.3437578933e+09
 1.4353152793e-02  1.2801664844e+09
 1.4455806920e-02  1.2146358098e+09
 1.4558461048e-02  1.1476476271e+09
 1.4661115176e-02  1.0796817736e+09
 1.4763769304e-02  1.0112114445e+09
 1.4866423432e-02  9.4269865738e+08
 1.4969077559e-02  8.7458995406e+08
 1.5071731687e-02  8.0731238634e+08
 1.5174385815e-02  7.4126982730e+08
 1.5277039943e-02  6.7683964527e+08
 1.5379694071e-02  6.1436977162e+08
 1.5482348199e-02  5.5417618784e+08
 1.5585002326e-02  4.9654085132e+08
 1.5687656454e-02  4.4171007309e+08
 1.5790310582e-02  3.8989335458e+08
 1.5892964710e-02  3.4126268428e+08
 1.5995618838e-02  2.9595228917e+08
 1.6098272965e-02  2.5405883006e+08
 1.6200927093e-02  2.1564202434e+08
 1.6303581221e-02  1.8072567466e+08
 1.6406235349e-02  1.4929907733e+08
 1.6508889477e-02  1.2131877987e+08
 1.6611543604e-02  9.6710653594e+07
 1.6714197732e-02  7.5372244121e+07
 1.6816851860e-02  5.7175359838e+07
 1.6919505988e-02  4.1968856847e+07
 1.7022160116e-02  2.9581577431e+07
 1.7124814243e-02  1.9825398572e+07
 1.7227468371e-02  1.2498347006e+07
 1.7330122499e-02  7.3877379541e+06
 1.7432776627e-02  4.2732958316e+06
 1.7535430755e-02  2.9302170127e+06
 1.7638084882e-02  3.1321369421e+06
 1.7740739010e-02  4.6539666121e+06
 1.7843393138e-02  7.2745665238e+06
 1.7946047266e-02  1.0779229706e+07
 1.8048701394e-02  1.4961949111e+07
 1.8151355521e-02  1.9627448654e+07
 1.8254009649e-02  2.4592961313e+07
 1.8356663777e-02  2.9689741869e+07
 1.8459317905e-02  3.4764306144e+07
 1.8561972033e-02  3.9679392780e+07
 1.8664626160e-02  4.4314647672e+07
 1.8767280288e-02  4.8567035167e+07
 1.8869934416e-02  5.2350983825e+07
 1.8972588544e-02  5.5598278033e+07
 1.9075242672e-02  5.8257709958e+07
 1.9177896799e-02  6.0294509113e+07
 1.9280550927e-02  6.1689569341e+07
 1.9383205055e-02  6.2438495040e+07
 1.9485859183e-02  6.2550490169e+07
 1.9588513311e-02  6.2047114771e+07
 1.9691167438e-02  6.0960934625e+07
 1.9793821566e-02  5.9334089997e+07
 1.9896475694e-02  5.7216809474e+07
 1.9999129822e-02  5.4665894467e+07
 2.0101783950e-02  5.1743199168e+07
 2.0204438077e-02  4.8514129647e+07
 2.0307092205e-02  4.5046184329e+07
 2.0409746333e-02  4.1407556343e+07
 2.0512400461e-02  3.7665816320e+07
 2.0615054589e-02  3.3886691985e+07
 2.0717708717e-02  3.0132958625e+07
 2.0820362844e-02  2.6463451998e+07
 2.0923016972e-02  2.2932212786e+07
 2.1025671100e-02  1.9587769100e+07
 2.1128325228e-02  1.6472561019e+07
 2.1230979356e-02  1.3622508651e+07
 2.1333633483e-02  1.1066722801e+07
 2.1436287611e-02  8.8273550432e+06
 2.1538941739e-02  6.9195818773e+06
 2.1641595867e-02  5.3517157114e+06
 2.1744249995e-02  4.1254336676e+06
 2.1846904122e-02  3.2361137135e+06
 2.1949558250e-02  2.6732663474e+06
 2.2052212378e-02  2.4210490607e+06
 2.2154866506e-02  2.4588500431e+06
 2.2257520634e-02  2.7619271047e+06
 2.2360174761e-02  3.3020875544e+06
 2.2462828889e-02  4.0483947858e+06
 2.2565483017e-02  4.9678875783e+06
 2.2668137145e-02  6.0262986002e+06
 2.2770791273e-02  7.1887592828e+06
 2.2873445400e-02  8.4204791143e+06
 2.2976099528e-02  9.6873884329e+06
 2.3078753656e-02  1.0956734980e+07
 2.3181407784e-02  1.2197625763e+07
 2.3284061912e-02  1.3381507153e+07
 2.3386716039e-02  1.4482577583e+07
 2.3489370167e-02  1.5478128675e+07
 2.3592024295e-02  1.6348812106e+07
 2.3694678423e-02  1.7078830974e+07
 2.3797332551e-02  1.7656055829e+07
 2.3899986678e-02  1.8072066888e+07
 2.4002640806e-02  1.8322125202e+07
 2.4105294934e-02  1.8405076698e+07
 2.4207949062e-02  1.8323194036e+07
 2.4310603190e-02  1.8081962139e+07
 2.4413257317e-02  1.7689813979e+07
 2.4515911445e-02  1.7157823819e+07
 2.4618565573e-02  1.6499365557e+07
 2.4721219701e-02  1.5729744095e+07
 2.4823873829e-02  1.4865807793e+07
 2.4926527956e-02  1.3925550061e+07
 2.5029182084e-02  1.2927707968e+07
 2.5131836212e-02  1.1891365450e+07
 2.5234490340e-02  1.0835568290e+07
 2.5337144468e-02  9.7789574975e+06
 2.5439798595e-02  8.7394270836e+06
 2.5542452723e-02  7.7338115360e+06
 2.5645106851e-02  6.7776074899e+06
 2.5747760979e-02  5.8847332879e+06
 2.5850415107e-02  5.0673292518e+06
 2.5953069234e-02  4.3356006166e+06
 2.6055723362e-02  3.6977042044e+06
 2.6158377490e-02  3.1596790595e+06
 2.6261031618e-02  2.7254204404e+06
 2.6363685746e-02  2.3966957876e+06
 2.6466339874e-02  2.1732005615e+06
 2.6568994001e-02  2.0526511961e+06
 2.6671648129e-02  2.0309118358e+06
 2.6774302257e-02  2.1021510354e+06
 2.6876956385e-02  2.2590242022e+06
 2.6979610513e-02  2.4928772569e+06
 2.7082264640e-02  2.7939667776e+06
 2.7184918768e-02  3.1516917834e+06
 2.7287572896e-02  3.5548322909e+06
 2.7390227024e-02  3.9917898535e+06
 2.7492881152e-02  4.4508254497e+06
 2.7595535279e-02  4.9202903266e+06
 2.7698189407e-02  5.3888457134e+06
 2.7800843535e-02  5.8456676965e+06
 2.7903497663e-02  6.2806339720e+06
 2.8006151791e-02  6.6844896693e+06
 2.8108805918e-02  7.0489899391e+06
 2.8211460046e-02  7.3670175339e+06
 2.8314114174e-02  7.6326741458e+06
 2.8416768302e-02  7.8413448135e+06
 2.8519422430e-02  7.9897352406e+06
 2.8622076557e-02  8.0758823888e+06
 2.8724730685e-02  8.0991391953e+06
 2.8827384813e-02  8.0601347203e+06
 2.8930038941e-02  7.9607114442e+06
 2.9032693069e-02  7.8038417967e+06
 2.9135347196e-02  7.5935263115e+06
 2.9238001324e-02  7.3346760580e+06
 2.9340655452e-02  7.0329821905e+06
 2.9443309580e-02  6.6947755969e+06
 2.9545963708e-02  6.3268796946e+06
 2.9648617835e-02  5.9364594403e+06
 2.9751271963e-02  5.5308695709e+06
 2.9853926091e-02  5.1175049950e+06
 2.9956580219e-02  4.7036561025e+06
 3.0059234347e-02  4.2963715606e+06
 3.0161888474e-02  3.9023309282e+06
 3.0264542602e-02  3.5277291442e+06
 3.0367196730e-02  3.1781746462e+06
 3.0469850858e-02  2.8586025486e+06
 3.0572504986e-02  2.5732039731e+06
 3.0675159113e-02  2.3253722759e+06
 3.0777813241e-02  2.1176665690e+06
 3.0880467369e-02  1.9517925890e+06
 3.0983121497e-02  1.8286006374e+06
 3.1085775625e-02  1.7481000009e+06
 3.1188429752e-02  1.7094889716e+06
 3.1291083880e-02  1.7111993208e+06
 3.1393738008e-02  1.7509538503e+06
 3.1496392136e-02  1.8258354457e+06
 3.1599046264e-02  1.9323658950e+06
 3.1701700392e-02  2.0665926169e+06
 3.1804354519e-02  2.2241813556e+06
 3.1907008647e-02  2.4005128607e+06
 3.2009662775e-02  2.5907815643e+06
 3.2112316903e-02  2.7900943017e+06
 3.2214971031e-02  2.9935671927e+06
 3.2317625158e-02  3.1964189021e+06
 3.2420279286e-02  3.3940586310e+06
 3.2522933414e-02  3.5821673505e+06
 3.2625587542e-02  3.7567709692e+06
 3.2728241670e-02  3.9143043272e+06
 3.2830895797e-02  4.0516651234e+06
 3.2933549925e-02  4.1662571030e+06
 3.3036204053e-02  4.2560220636e+06
 3.3138858181e-02  4.3194604629e+06
 3.3241512309e-02  4.3556406374e+06
 3.3344166436e-02  4.3641968556e+06
 3.3446820564e-02  4.3453166347e+06
 3.3549474692e-02  4.2997179371e+06
 3.3652128820e-02  4.2286170336e+06
 3.3754782948e-02  4.1336879708e+06
 3.3857437075e-02  4.0170147053e+06
 3.3960091203e-02  3.8810370696e+06
 3.4062745331e-02  3.7284918106e+06
 3.4165399459e-02  3.5623499933e+06
 3.4268053587e-02  3.3857520835e+06
 3.4370707714e-02  3.2019420245e+06
 3.4473361842e-02  3.0142015941e+06
 3.4576015970e-02  2.8257862791e+06
 3.4678670098e-02  2.6398638336e+06
 3.4781324226e-02  2.4594565949e+06
 3.4883978353e-02  2.2873885238e+06
 3.4986632481e-02  2.1262378127e+06
 3.5089286609e-02  1.9782957704e+06
 3.5191940737e-02  1.8455325504e+06
 3.5294594865e-02  1.7295701391e+06
 3.5397248992e-02  1.6316628697e+06
 3.5499903120e-02  1.5526855758e+06
 3.5602557248e-02  1.4931293509e+06
 3.5705211376e-02  1.4531047366e+06
 3.5807865504e-02  1.4323520282e+06
 3.5910519631e-02  1.4302582641e+06
 3.6013173759e-02  1.4458803501e+06
 3.6115827887e-02  1.4779736779e+06
 3.6218482015e-02  1.5250255096e+06
 3.6321136143e-02  1.5852923397e+06
 3.6423790270e-02  1.6568403935e+06
 3.6526444398e-02  1.7375883938e+06
 3.6629098526e-02  1.8253517112e+06
 3.6731752654e-02  1.9178870194e+06
 3.6834406782e-02  2.0129365959e+06
 3.6937060910e-02  2.1082714441e+06
 3.7039715037e-02  2.2017324630e+06
 3.7142369165e-02  2.2912689539e+06
 3.7245023293e-02  2.3749738252e+06
 3.7347677421e-02  2.4511149434e+06
 3.7450331549e-02  2.5181621667e+06
 3.7552985676e-02  2.5748096942e+06
 3.7655639804e-02  2.6199934656e+06
 3.7758293932e-02  2.6529034469e+06
 3.7860948060e-02  2.6729907393e+06
 3.7963602188e-02  2.6799695463e+06
 3.8066256315e-02  2.6738141337e+06
 3.8168910443e-02  2.6547509992e+06
 3.8271564571e-02  2.6232465589e+06
 3.8374218699e-02  2.5799907257e+06
 3.8476872827e-02  2.5258768209e+06
 3.8579526954e-02  2.4619783172e+06
 3.8682181082e-02  2.3895229480e+06
 3.8784835210e-02  2.3098647561e+06
 3.8887489338e-02  2.2244546690e+06
 3.8990143466e-02  2.1348102000e+06
 3.9092797593e-02  2.0424848686e+06
 3.9195451721e-02  1.9490379205e+06
 3.9298105849e-02  1.8560049025e+06
 3.9400759977e-02  1.7648696139e+06
 3.9503414105e-02  1.6770379116e+06
 3.9606068232e-02  1.5938137996e+06
 3.9708722360e-02  1.5163781725e+06
 3.9811376488e-02  1.4457705243e+06
 3.9914030616e-02  1.3828738686e+06
 4.0016684744e-02  1.3284030458e+06
 4.0119338871e-02  1.2828965284e+06
 4.0221992999e-02  1.2467117637e+06
 4.0324647127e-02  1.2200240271e+06
 4.0427301255e-02  1.2028286977e+06
 4.0529955383e-02  1.1949468029e+06
 4.0632609510e-02  1.1960336266e+06
 4.0735263638e-02  1.2055901257e+06
 4.0837917766e-02  1.2229768519e+06
 4.0940571894e-02  1.2474300460e+06
 4.1043226022e-02  1.2780795355e+06
 4.1145880149e-02  1.3139680503e+06
 4.1248534277e-02  1.3540715548e+06
 4.1351188405e-02  1.3973201895e+06
 4.1453842533e-02  1.4426194170e+06
 4.1556496661e-02  1.4888709767e+06
 4.1659150788e-02  1.5349932690e+06
 4.1761804916e-02  1.5799408107e+06
 4.1864459044e-02  1.6227224341e+06
 4.1967113172e-02  1.6624179338e+06
 4.2069767300e-02  1.6981929044e+06
 4.2172421427e-02  1.7293115523e+06
 4.2275075555e-02  1.7551473100e+06
 4.2377729683e-02  1.7751911260e+06
 4.2480383811e-02  1.7890573496e+06
 4.2583037939e-02  1.7964871782e+06
 4.2685692067e-02  1.7973496769e+06
 4.2788346194e-02  1.7916404278e+06
 4.2891000322e-02  1.7794779054e+06
 4.2993654450e-02  1.7610977122e+06
 4.3096308578e-02  1.7368448468e+06
 4.3198962706e-02  1.7071642035e+06
 4.3301616833e-02  1.6725895294e+06
 4.3404270961e-02  1.6337310874e+06
 4.3506925089e-02  1.5912622878e+06
 4.3609579217e-02  1.5459055614e+06
 4.3712233345e-02  1.4984177538e+06
 4.3814887472e-02  1.4495753202e+06
 4.3917541600e-02  1.4001595932e+06
 4.4020195728e-02  1.3509423897e+06
 4.4122849856e-02  1.3026722064e+06
 4.4225503984e-02  1.2560612351e+06
 4.4328158111e-02  1.2117734095e+06
 4.4430812239e-02  1.1704136672e+06
 4.4533466367e-02  1.1325185861e+06
 4.4636120495e-02  1.0985485229e+06
 4.4738774623e-02  1.0688813507e+06
 4.4841428750e-02  1.0438078640e+06
 4.4944082878e-02  1.0235288829e+06
 4.5046737006e-02  1.0081540605e+06
 4.5149391134e-02  9.9770236622e+05
 4.5252045262e-02  9.9210418753e+05
 4.5354699389e-02  9.9120496672e+05
 4.5457353517e-02  9.9477026355e+05
 4.5560007645e-02  1.0024921130e+06
 4.5662661773e-02  1.0139965280e+06
 4.5765315901e-02  1.0288519802e+06
 4.5867970028e-02  1.0465786819e+06
 4.5970624156e-02  1.0666584784e+06
 4.6073278284e-02  1.0885451609e+06
 4.6175932412e-02  1.1116750020e+06
 4.6278586540e-02  1.1354773223e+06
 4.6381240667e-02  1.1593848980e+06
 4.6483894795e-02  1.1828440303e+06
 4.6586548923e-02  1.2053241071e+06
 4.6689203051e-02  1.2263264999e+06
 4.6791857179e-02  1.2453926583e+06
 4.6894511306e-02  1.2621112793e+06
 4.6997165434e-02  1.2761244493e+06
 4.7099819562e-02  1.2871326785e+06
 4.7202473690e-02  1.2948987675e+06
 4.7305127818e-02  1.2992504688e+06
 4.7407781945e-02  1.3000819284e+06
 4.7510436073e-02  1.2973539135e+06
 4.7613090201e-02  1.2910928541e+06
 4.7715744329e-02  1.2813887464e+06
 4.7818398457e-02  1.2683919835e+06
 4.7921052585e-02  1.2523091972e+06
 4.8023706712e-02  1.2333982090e+06
 4.8126360840e-02  1.2119622011e+06
 4.8229014968e-02  1.1883432302e+06
 4.8331669096e-02  1.1629152128e+06
 4.8434323224e-02  1.1360765204e+06
 4.8536977351e-02  1.1082423209e+06
 4.8639631479e-02  1.0798368096e+06
 4.8742285607e-02  1.0512854659e+06
 4.8844939735e-02  1.0230074718e+06
 4.8947593863e-02  9.9540842101e+05
 4.9050247990e-02  9.6887343743e+05
 4.9152902118e-02  9.4376081518e+05
 4.9255556246e-02  9.2039627775e+05
 4.9358210374e-02  8.9906794199e+05
 4.9460864502e-02  8.8002205846e+05
 4.9563518629e-02  8.6345958402e+05
 4.9666172757e-02  8.4953362739e+05
 4.9768826885e-02  8.3834779196e+05
 4.9871481013e-02  8.2995542432e+05
 4.9974135141e-02  8.2435976112e+05
 5.0076789268e-02  8.2151495149e+05
 5.0179443396e-02  8.2132791764e+05
 5.0282097524e-02  8.2366100283e+05
 5.0384751652e-02  8.2833534330e+05
 5.0487405780e-02  8.3513488979e+05
 5.0590059907e-02  8.4381099461e+05
 5.0692714035e-02  8.5408747256e+05
 5.0795368163e-02  8.6566603750e+05
 5.0898022291e-02  8.7823201239e+05
 5.1000676419e-02  8.9146020770e+05
 5.1103330546e-02  9.0502086277e+05
 5.1205984674e-02  9.1858554559e+05
 5.1308638802e-02  9.3183290947e+05
 5.1411292930e-02  9.4445420956e+05
 5.1513947058e-02  9.5615848833e+05
 5.1616601185e-02  9.6667734670e+05
 5.1719255313e-02  9.7576922613e+05
 5.1821909441e-02  9.8322313712e+05
 5.1924563569e-02  9.8886178016e+05
 5.2027217697e-02  9.9254401684e+05
 5.2129871824e-02  9.9416666062e+05
 5.2232525952e-02  9.9366556934e+05
 5.2335180080e-02  9.9101603356e+05
 5.2437834208e-02  9.8623246745e+05
 5.2540488336e-02  9.7936742042e+05
 5.2643142463e-02  9.7050993940e+05
