 2.1457018172e+02  3.2629451935e+06
 2.3130665589e+02  3.5829364952e+06
 2.4804313007e+02  3.8798304433e+06
 2.6477960424e+02  4.1470103458e+06
 2.8151607841e+02  4.3784645309e+06
 2.9825255259e+02  4.5689190069e+06
 3.1498902676e+02  4.7139561337e+06
 3.3172550094e+02  4.8101168211e+06
 3.4846197511e+02  4.8549840787e+06
 3.6519844928e+02  4.8472460845e+06
 3.8193492346e+02  4.7867373205e+06
 3.9867139763e+02  4.6744567409e+06
 4.1540787181e+02  4.5125623700e+06
 4.3214434598e+02  4.3043421797e+06
 4.4888082015e+02  4.0541615516e+06
 4.6561729433e+02  3.7673880865e+06
 4.8235376850e+02  3.4502949643e+06
 4.9909024268e+02  3.1099444900e+06
 5.1582671685e+02  2.7540538534e+06
 5.3256319102e+02  2.3908455027e+06
 5.4929966520e+02  2.0288848523e+06
 5.6603613937e+02  1.6769083231e+06
 5.8277261355e+02  1.3436449403e+06
 5.9950908772e+02  1.0376348762e+06
 6.1624556189e+02  7.6704843690e+05
 6.3298203607e+02  5.3950903014e+05
 6.4971851024e+02  3.6192363181e+05
 6.6645498441e+02  2.4032418168e+05
 6.8319145859e+02  1.7972318740e+05
 6.9992793276e+02  1.8398660342e+05
 7.1666440694e+02  2.5572678017e+05
 7.3340088111e+02  3.9621795305e+05
 7.5013735528e+02  6.0533636580e+05
 7.6687382946e+02  8.8152670522e+05
 7.8361030363e+02  1.2217960704e+06
 8.0034677781e+02  1.6217362176e+06
 8.1708325198e+02  2.0755743200e+06
 8.3381972615e+02  2.5762519676e+06
 8.5055620033e+02  3.1155316184e+06
 8.6729267450e+02  3.6841291989e+06
 8.8402914868e+02  4.2718710637e+06
 9.0076562285e+02  4.8678730483e+06
 9.1750209702e+02  5.4607389168e+06
 9.3423857120e+02  6.0387751087e+06
 9.5097504537e+02  6.5902183403e+06
 9.6771151955e+02  7.1034723225e+06
 9.8444799372e+02  7.5673496250e+06
 1.0011844679e+03  7.9713145448e+06
 1.0179209421e+03  8.3057227408e+06
 1.0346574162e+03  8.5620533623e+06
 1.0513938904e+03  8.7331294454e+06
 1.0681303646e+03  8.8133224637e+06
 1.0848668388e+03  8.7987371066e+06
 1.1016033129e+03  8.6873726124e+06
 1.1183397871e+03  8.4792573022e+06
 1.1350762613e+03  8.1765533427e+06
 1.1518127355e+03  7.7836291969e+06
 1.1685492096e+03  7.3070977083e+06
 1.1852856838e+03  6.7558182849e+06
 1.2020221580e+03  6.1408622052e+06
 1.2187586322e+03  5.4754406487e+06
 1.2354951063e+03  4.7747956457e+06
 1.2522315805e+03  4.0560547400e+06
 1.2689680547e+03  3.3380507500e+06
 1.2857045289e+03  2.6411085950e+06
 1.3024410030e+03  1.9868017042e+06
 1.3191774772e+03  1.3976810501e+06
 1.3359139514e+03  8.9698032604e+05
 1.3526504255e+03  5.0830121643e+05
 1.3693868997e+03  2.5528308107e+05
 1.3861233739e+03  1.6126168346e+05
 1.4028598481e+03  2.4892183235e+05
 1.4195963222e+03  5.3994897220e+05
 1.4363327964e+03  1.0546848487e+06
 1.4530692706e+03  1.8117923872e+06
 1.4698057448e+03  2.8279348547e+06
 1.4865422189e+03  4.1174742310e+06
 1.5032786931e+03  5.6921934929e+06
 1.5200151673e+03  7.5610472197e+06
 1.5367516415e+03  9.7299445640e+06
 1.5534881156e+03  1.2201568203e+07
 1.5702245898e+03  1.4975232401e+07
 1.5869610640e+03  1.8046782774e+07
 1.6036975382e+03  2.1408539775e+07
 1.6204340123e+03  2.5049287297e+07
 1.6371704865e+03  2.8954307166e+07
 1.6539069607e+03  3.3105459638e+07
 1.6706434349e+03  3.7481309353e+07
 1.6873799090e+03  4.2057295567e+07
 1.7041163832e+03  4.6805944821e+07
 1.7208528574e+03  5.1697123629e+07
 1.7375893315e+03  5.6698328151e+07
 1.7543258057e+03  6.1775007313e+07
 1.7710622799e+03  6.6890915344e+07
 1.7877987541e+03  7.2008489269e+07
 1.8045352282e+03  7.7089246535e+07
 1.8212717024e+03  8.2094197663e+07
 1.8380081766e+03  8.6984268603e+07
 1.8547446508e+03  9.1720727301e+07
 1.8714811249e+03  9.6265608964e+07
 1.8882175991e+03  1.0058213449e+08
 1.9049540733e+03  1.0463511667e+08
 1.9216905475e+03  1.0839134884e+08
 1.9384270216e+03  1.1181997110e+08
 1.9551634958e+03  1.1489280927e+08
 1.9718999700e+03  1.1758468243e+08
 1.9886364442e+03  1.1987367504e+08
 2.0053729183e+03  1.2174137038e+08
 2.0221093925e+03  1.2317304246e+08
 2.0388458667e+03  1.2415780407e+08
 2.0555823409e+03  1.2468870944e+08
 2.0723188150e+03  1.2476281042e+08
 2.0890552892e+03  1.2438116576e+08
 2.1057917634e+03  1.2354880377e+08
 2.1225282376e+03  1.2227463929e+08
 2.1392647117e+03  1.2057134620e+08
 2.1560011859e+03  1.1845518785e+08
 2.1727376601e+03  1.1594580768e+08
 2.1894741342e+03  1.1306598338e+08
 2.2062106084e+03  1.0984134790e+08
 2.2229470826e+03  1.0630008144e+08
 2.2396835568e+03  1.0247257865e+08
 2.2564200309e+03  9.8391095402e+07
 2.2731565051e+03  9.4089380249e+07
 2.2898929793e+03  8.9602295080e+07
 2.3066294535e+03  8.4965430179e+07
 2.3233659276e+03  8.0214718523e+07
 2.3401024018e+03  7.5386054215e+07
 2.3568388760e+03  7.0514919774e+07
 2.3735753502e+03  6.5636026814e+07
 2.3903118243e+03  6.0782974351e+07
 2.4070482985e+03  5.5987928690e+07
 2.4237847727e+03  5.1281328434e+07
 2.4405212469e+03  4.6691617785e+07
 2.4572577210e+03  4.2245010823e+07
 2.4739941952e+03  3.7965288983e+07
 2.4907306694e+03  3.3873633463e+07
 2.5074671436e+03  2.9988493758e+07
 2.5242036177e+03  2.6325493008e+07
 2.5409400919e+03  2.2897370345e+07
 2.5576765661e+03  1.9713959876e+07
 2.5744130402e+03  1.6782205499e+07
 2.5911495144e+03  1.4106210242e+07
 2.6078859886e+03  1.1687318392e+07
 2.6246224628e+03  9.5242282858e+06
 2.6413589369e+03  7.6131332657e+06
 2.6580954111e+03  5.9478879879e+06
 2.6748318853e+03  4.5201970106e+06
 2.6915683595e+03  3.3198223703e+06
 2.7083048336e+03  2.3348066956e+06
 2.7250413078e+03  1.5517083002e+06
 2.7417777820e+03  9.5584464629e+05
 2.7585142562e+03  5.3154057123e+05
 2.7752507303e+03  2.6237772564e+05
 2.7919872045e+03  1.3144177647e+05
 2.8087236787e+03  1.2156408073e+05
 2.8254601529e+03  2.1555473249e+05
 2.8421966270e+03  3.9642412104e+05
 2.8589331012e+03  6.4759040873e+05
 2.8756695754e+03  9.5307063710e+05
 2.8924060496e+03  1.2976534941e+06
 2.9091425237e+03  1.6670521179e+06
 2.9258789979e+03  2.0480356674e+06
 2.9426154721e+03  2.4285387539e+06
 2.9593519462e+03  2.7977481868e+06
 2.9760884204e+03  3.1461668509e+06
 2.9928248946e+03  3.4656548753e+06
 3.0095613688e+03  3.7494485902e+06
 3.0262978429e+03  3.9921580814e+06
 3.0430343171e+03  4.1897444403e+06
 3.0597707913e+03  4.3394780677e+06
 3.0765072655e+03  4.4398796246e+06
 3.0932437396e+03  4.4906454140e+06
 3.1099802138e+03  4.4925591442e+06
 3.1267166880e+03  4.4473921459e+06
 3.1434531622e+03  4.3577942028e+06
 3.1601896363e+03  4.2271772069e+06
 3.1769261105e+03  4.0595938586e+06
 3.1936625847e+03  3.8596136110e+06
 3.2103990589e+03  3.6321980003e+06
 3.2271355330e+03  3.3825774109e+06
 3.2438720072e+03  3.1161312101e+06
 3.2606084814e+03  2.8382730367e+06
 3.2773449556e+03  2.5543428629e+06
 3.2940814297e+03  2.2695072583e+06
 3.3108179039e+03  1.9886690843e+06
 3.3275543781e+03  1.7163876282e+06
 3.3442908523e+03  1.4568099685e+06
 3.3610273264e+03  1.2136141310e+06
 3.3777638006e+03  9.8996437531e+05
 3.3945002748e+03  7.8847872382e+05
 3.4112367489e+03  6.1120863492e+05
 3.4279732231e+03  4.5963051717e+05
 3.4447096973e+03  3.3464859203e+05
 3.4614461715e+03  2.3660844018e+05
 3.4781826456e+03  1.6532041256e+05
 3.4949191198e+03  1.2009195452e+05
 3.5116555940e+03  9.9767780223e+04
 3.5283920682e+03  1.0277674763e+05
 3.5451285423e+03  1.2718422031e+05
 3.5618650165e+03  1.7074866297e+05
 3.5786014907e+03  2.3098120175e+05
 3.5953379649e+03  3.0520688756e+05
 3.6120744390e+03  3.9062642991e+05
 3.6288109132e+03  4.8437721870e+05
 3.6455473874e+03  5.8359252014e+05
 3.6622838616e+03  6.8545781876e+05
 3.6790203357e+03  7.8726337788e+05
 3.6957568099e+03  8.8645220385e+05
 3.7124932841e+03  9.8066272194e+05
 3.7292297583e+03  1.0677656019e+06
 3.7459662324e+03  1.1458943056e+06
 3.7627027066e+03  1.2134690660e+06
 3.7794391808e+03  1.2692141429e+06
 3.7961756549e+03  1.3121683332e+06
 3.8129121291e+03  1.3416888428e+06
 3.8296486033e+03  1.3574487472e+06
 3.8463850775e+03  1.3594283774e+06
 3.8631215516e+03  1.3479010714e+06
 3.8798580258e+03  1.3234138164e+06
 3.8965945000e+03  1.2867633830e+06
 3.9133309742e+03  1.2389686118e+06
 3.9300674483e+03  1.1812395595e+06
 3.9468039225e+03  1.1149442393e+06
 3.9635403967e+03  1.0415737084e+06
 3.9802768709e+03  9.6270625282e+05
 3.9970133450e+03  8.7997140723e+05
 4.0137498192e+03  7.9501452066e+05
 4.0304862934e+03  7.0946253702e+05
 4.0472227676e+03  6.2489161035e+05
 4.0639592417e+03  5.4279711331e+05
 4.0806957159e+03  4.6456652801e+05
 4.0974321901e+03  3.9145563343e+05
 4.1141686643e+03  3.2456832243e+05
 4.1309051384e+03  2.6484029778e+05
 4.1476416126e+03  2.1302681133e+05
 4.1643780868e+03  1.6969452501e+05
 4.1811145609e+03  1.3521748902e+05
 4.1978510351e+03  1.0977715237e+05
 4.2145875093e+03  9.3366245254e+04
 4.2313239835e+03  8.5796303603e+04
 4.2480604576e+03  8.6708543254e+04
 4.2647969318e+03  9.5587737068e+04
 4.2815334060e+03  1.1177870250e+05
 4.2982698802e+03  1.3450497085e+05
 4.3150063543e+03  1.6288918262e+05
 4.3317428285e+03  1.9597473689e+05
 4.3484793027e+03  2.3274821523e+05
 4.3652157769e+03  2.7216210366e+05
 4.3819522510e+03  3.1315734765e+05
 4.3986887252e+03  3.5468529608e+05
 4.4154251994e+03  3.9572861789e+05
 4.4321616736e+03  4.3532081139e+05
 4.4488981477e+03  4.7256396732e+05
 4.4656346219e+03  5.0664449415e+05
 4.4823710961e+03  5.3684656457e+05
 4.4991075703e+03  5.6256309645e+05
 4.5158440444e+03  5.8330413688e+05
 4.5325805186e+03  5.9870257422e+05
 4.5493169928e+03  6.0851715913e+05
 4.5660534670e+03  6.1263286933e+05
 4.5827899411e+03  6.1105870496e+05
 4.5995264153e+03  6.0392304918e+05
 4.6162628895e+03  5.9146677272e+05
 4.6329993636e+03  5.7403429977e+05
 4.6497358378e+03  5.5206288587e+05
 4.6664723120e+03  5.2607038532e+05
 4.6832087862e+03  4.9664180672e+05
 4.6999452603e+03  4.6441496874e+05
 4.7166817345e+03  4.3006557608e+05
 4.7334182087e+03  3.9429203615e+05
 4.7501546829e+03  3.5780033138e+05
 4.7668911570e+03  3.2128925052e+05
 4.7836276312e+03  2.8543626480e+05
 4.8003641054e+03  2.5088431256e+05
 4.8171005796e+03  2.1822972899e+05
 4.8338370537e+03  1.8801152658e+05
 4.8505735279e+03  1.6070219851e+05
 4.8673100021e+03  1.3670018054e+05
 4.8840464763e+03  1.1632406949e+05
 4.9007829504e+03  9.9808657868e+04
 4.9175194246e+03  8.7302805779e+04
 4.9342558988e+03  7.8869133675e+04
 4.9509923730e+03  7.4485483320e+04
 4.9677288471e+03  7.4048060599e+04
 4.9844653213e+03  7.7376142626e+04
 5.0012017955e+03  8.4218203888e+04
 5.0179382696e+03  9.4259292190e+04
 5.0346747438e+03  1.0712946535e+05
 5.0514112180e+03  1.2241308413e+05
 5.0681476922e+03  1.3965874611e+05
 5.0848841663e+03  1.5838963899e+05
 5.1016206405e+03  1.7811409011e+05
 5.1183571147e+03  1.9833609228e+05
 5.1350935889e+03  2.1856559289e+05
 5.1518300630e+03  2.3832834486e+05
 5.1685665372e+03  2.5717513297e+05
 5.1853030114e+03  2.7469020738e+05
 5.2020394856e+03  2.9049877729e+05
 5.2187759597e+03  3.0427344127e+05
 5.2355124339e+03  3.1573945572e+05
 5.2522489081e+03  3.2467876979e+05
 5.2689853823e+03  3.3093278173e+05
 5.2857218564e+03  3.3440379921e+05
 5.3024583306e+03  3.3505521263e+05
 5.3191948048e+03  3.3291041630e+05
 5.3359312790e+03  3.2805053669e+05
 5.3526677531e+03  3.2061104919e+05
 5.3694042273e+03  3.1077738503e+05
 5.3861407015e+03  2.9877964749e+05
 5.4028771757e+03  2.8488657077e+05
 5.4196136498e+03  2.6939886679e+05
 5.4363501240e+03  2.5264211282e+05
 5.4530865982e+03  2.3495933815e+05
 5.4698230723e+03  2.1670346912e+05
 5.4865595465e+03  1.9822979044e+05
 5.5032960207e+03  1.7988857555e+05
 5.5200324949e+03  1.6201803114e+05
 5.5367689690e+03  1.4493769031e+05
 5.5535054432e+03  1.2894237607e+05
 5.5702419174e+03  1.1429684155e+05
 5.5869783916e+03  1.0123117696e+05
 5.6037148657e+03  8.9937054814e+04
 5.6204513399e+03  8.0564866285e+04
 5.6371878141e+03  7.3221781754e+04
 5.6539242883e+03  6.7970749039e+04
 5.6706607624e+03  6.4830423417e+04
 5.6873972366e+03  6.3776004769e+04
 5.7041337108e+03  6.4740939508e+04
 5.7208701850e+03  6.7619428582e+04
 5.7376066591e+03  7.2269668101e+04
 5.7543431333e+03  7.8517736356e+04
 5.7710796075e+03  8.6162030223e+04
 5.7878160817e+03  9.4978145513e+04
 5.8045525558e+03  1.0472408969e+05
 5.8212890300e+03  1.1514571173e+05
 5.8380255042e+03  1.2598223259e+05
 5.8547619783e+03  1.3697176101e+05
 5.8714984525e+03  1.4785668262e+05
 5.8882349267e+03  1.5838881612e+05
 5.9049714009e+03  1.6833423792e+05
 5.9217078750e+03  1.7747768570e+05
 5.9384443492e+03  1.8562646290e+05
 5.9551808234e+03  1.9261377771e+05
 5.9719172976e+03  1.9830146398e+05
 5.9886537717e+03  2.0258204503e+05
 6.0053902459e+03  2.0538011588e+05
 6.0221267201e+03  2.0665303401e+05
 6.0388631943e+03  2.0639092274e+05
 6.0555996684e+03  2.0461600563e+05
 6.0723361426e+03  2.0138130288e+05
 6.0890726168e+03  1.9676873332e+05
 6.1058090910e+03  1.9088667615e+05
 6.1225455651e+03  1.8386705637e+05
 6.1392820393e+03  1.7586202554e+05
 6.1560185135e+03  1.6704031631e+05
 6.1727549877e+03  1.5758335320e+05
 6.1894914618e+03  1.4768120533e+05
 6.2062279360e+03  1.3752846749e+05
 6.2229644102e+03  1.2732015535e+05
 6.2397008843e+03  1.1724769798e+05
 6.2564373585e+03  1.0749510677e+05
 6.2731738327e+03  9.8235394107e+04
 6.2899103069e+03  8.9627308452e+04
 6.3066467810e+03  8.1812444002e+04
 6.3233832552e+03  7.4912774281e+04
 6.3401197294e+03  6.9028648982e+04
 6.3568562036e+03  6.4237283035e+04
 6.3735926777e+03  6.0591756127e+04
 6.3903291519e+03  5.8120530061e+04
 6.4070656261e+03  5.6827480661e+04
 6.4238021003e+03  5.6692430558e+04
 6.4405385744e+03  5.7672159357e+04
 6.4572750486e+03  5.9701858622e+04
 6.4740115228e+03  6.2696990869e+04
 6.4907479970e+03  6.6555504621e+04
 6.5074844711e+03  7.1160351535e+04
 6.5242209453e+03  7.6382246838e+04
 6.5409574195e+03  8.2082610856e+04
 6.5576938937e+03  8.8116627294e+04
 6.5744303678e+03  9.4336353148e+04
 6.5911668420e+03  1.0059381574e+05
 6.6079033162e+03  1.0674403418e+05
 6.6246397904e+03  1.1264790572e+05
 6.6413762645e+03  1.1817490162e+05
 6.6581127387e+03  1.2320552238e+05
 6.6748492129e+03  1.2763346839e+05
 6.6915856870e+03  1.3136748881e+05
 6.7083221612e+03  1.3433287899e+05
 6.7250586354e+03  1.3647260455e+05
 6.7417951096e+03  1.3774803844e+05
 6.7585315837e+03  1.3813930542e+05
 6.7752680579e+03  1.3764523638e+05
 6.7920045321e+03  1.3628294307e+05
 6.8087410063e+03  1.3408703094e+05
 6.8254774804e+03  1.3110847489e+05
 6.8422139546e+03  1.2741318882e+05
 6.8589504288e+03  1.2308032552e+05
 6.8756869030e+03  1.1820034782e+05
 6.8924233771e+03  1.1287291560e+05
 6.9091598513e+03  1.0720463616e+05
 6.9258963255e+03  1.0130672659e+05
 6.9426327997e+03  9.5292638014e+04
 6.9593692738e+03  8.9275690539e+04
 6.9761057480e+03  8.3366766790e+04
 6.9928422222e+03  7.7672109415e+04
 7.0095786964e+03  7.2291264739e+04
 7.0263151705e+03  6.7315210828e+04
 7.0430516447e+03  6.2824703561e+04
 7.0597881189e+03  5.8888869101e+04
 7.0765245930e+03  5.5564065482e+04
 7.0932610672e+03  5.2893030071e+04
 7.1099975414e+03  5.0904323453e+04
 7.1267340156e+03  4.9612074060e+04
 7.1434704897e+03  4.9016021668e+04
 7.1602069639e+03  4.9101851903e+04
 7.1769434381e+03  4.9841808161e+04
 7.1936799123e+03  5.1195562107e+04
 7.2104163864e+03  5.3111319081e+04
 7.2271528606e+03  5.5527130577e+04
 7.2438893348e+03  5.8372382424e+04
 7.2606258090e+03  6.1569424461e+04
 7.2773622831e+03  6.5035305453e+04
 7.2940987573e+03  6.8683575717e+04
 7.3108352315e+03  7.2426119412e+04
 7.3275717057e+03  7.6174978752e+04
 7.3443081798e+03  7.9844133425e+04
 7.3610446540e+03  8.3351200279e+04
 7.3777811282e+03  8.6619020703e+04
 7.3945176024e+03  8.9577106231e+04
 7.4112540765e+03  9.2162916350e+04
 7.4279905507e+03  9.4322946548e+04
 7.4447270249e+03  9.6013608937e+04
 7.4614634990e+03  9.7201892379e+04
 7.4781999732e+03  9.7865793808e+04
 7.4949364474e+03  9.7994517229e+04
 7.5116729216e+03  9.7588441636e+04
 7.5284093957e+03  9.6658863751e+04
 7.5451458699e+03  9.5227525852e+04
 7.5618823441e+03  9.3325943086e+04
 7.5786188183e+03  9.0994548356e+04
 7.5953552924e+03  8.8281676152e+04
 7.6120917666e+03  8.5242409434e+04
 7.6288282408e+03  8.1937315914e+04
 7.6455647150e+03  7.8431101690e+04
 7.6623011891e+03  7.4791211227e+04
 7.6790376633e+03  7.1086403115e+04
 7.6957741375e+03  6.7385330839e+04
 7.7125106117e+03  6.3755157039e+04
 7.7292470858e+03  6.0260228456e+04
 7.7459835600e+03  5.6960836872e+04
 7.7627200342e+03  5.3912089110e+04
 7.7794565084e+03  5.1162906404e+04
 7.7961929825e+03  4.8755170437e+04
 7.8129294567e+03  4.6723029969e+04
 7.8296659309e+03  4.5092378471e+04
 7.8464024051e+03  4.3880509491e+04
 7.8631388792e+03  4.3095952775e+04
 7.8798753534e+03  4.2738490447e+04
 7.8966118276e+03  4.2799348979e+04
 7.9133483017e+03  4.3261559220e+04
 7.9300847759e+03  4.4100473573e+04
 7.9468212501e+03  4.5284426470e+04
 7.9635577243e+03  4.6775521769e+04
 7.9802941984e+03  4.8530528450e+04
 7.9970306726e+03  5.0501864291e+04
 8.0137671468e+03  5.2638645840e+04
 8.0305036210e+03  5.4887782161e+04
 8.0472400951e+03  5.7195089463e+04
 8.0639765693e+03  5.9506403782e+04
 8.0807130435e+03  6.1768669437e+04
 8.0974495177e+03  6.3930981952e+04
 8.1141859918e+03  6.5945565517e+04
 8.1309224660e+03  6.7768666787e+04
 8.1476589402e+03  6.9361348925e+04
 8.1643954144e+03  7.0690172105e+04
 8.1811318885e+03  7.1727749283e+04
 8.1978683627e+03  7.2453168782e+04
 8.2146048369e+03  7.2852278071e+04
 8.2313413111e+03  7.2917826040e+04
 8.2480777852e+03  7.2649463924e+04
 8.2648142594e+03  7.2053607892e+04
 8.2815507336e+03  7.1143168985e+04
 8.2982872077e+03  6.9937158637e+04
 8.3150236819e+03  6.8460180299e+04
 8.3317601561e+03  6.6741819763e+04
 8.3484966303e+03  6.4815948511e+04
 8.3652331044e+03  6.2719955849e+04
 8.3819695786e+03  6.0493926696e+04
 8.3987060528e+03  5.8179782571e+04
 8.4154425270e+03  5.5820403736e+04
 8.4321790011e+03  5.3458750415e+04
 8.4489154753e+03  5.1137000641e+04
 8.4656519495e+03  4.8895721618e+04
 8.4823884237e+03  4.6773090404e+04
 8.4991248978e+03  4.4804178451e+04
 8.5158613720e+03  4.3020312937e+04
 8.5325978462e+03  4.1448526019e+04
 8.5493343204e+03  4.0111101163e+04
 8.5660707945e+03  3.9025223584e+04
 8.5828072687e+03  3.8202739579e+04
