<<<<<<< HEAD
 1.8653261226e+02  4.7957568334e+06
 2.0108215601e+02  5.2876555039e+06
 2.1563169977e+02  5.7452116748e+06
 2.3018124353e+02  6.1583646543e+06
 2.4473078728e+02  6.5179509934e+06
 2.5928033104e+02  6.8159040632e+06
 2.7382987479e+02  7.0454328762e+06
 2.8837941855e+02  7.2011764498e+06
 3.0292896231e+02  7.2793304544e+06
 3.1747850606e+02  7.2777434048e+06
 3.3202804982e+02  7.1959802214e+06
 3.4657759357e+02  7.0353516013e+06
 3.6112713733e+02  6.7989082850e+06
 3.7567668109e+02  6.4913999778e+06
 3.9022622484e+02  6.1191993574e+06
 4.0477576860e+02  5.6901922824e+06
 4.1932531235e+02  5.2136359693e+06
 4.3387485611e+02  4.6999875470e+06
 4.4842439987e+02  4.1607059828e+06
 4.6297394362e+02  3.6080309242e+06
 4.7752348738e+02  3.0547424778e+06
 4.9207303113e+02  2.5139063612e+06
 5.0662257489e+02  1.9986091950e+06
 5.2117211865e+02  1.5216889519e+06
 5.3572166240e+02  1.0954657381e+06
 5.5027120616e+02  7.3147814444e+05
 5.6482074992e+02  4.4023037497e+05
 5.7937029367e+02  2.3095523298e+05
 5.9391983743e+02  1.1139782027e+05
 6.0846938118e+02  8.7624493647e+04
 6.2301892494e+02  1.6386122112e+05
 6.3756846870e+02  3.4236499966e+05
 6.5211801245e+02  6.2333144335e+05
 6.6666755621e+02  1.0048410345e+06
 6.8121709996e+02  1.4828458608e+06
 6.9576664372e+02  2.0511979512e+06
 7.1031618748e+02  2.7017195834e+06
 7.2486573123e+02  3.4243151794e+06
 7.3941527499e+02  4.2071236454e+06
 7.5396481874e+02  5.0367092643e+06
 7.6851436250e+02  5.8982885211e+06
 7.8306390626e+02  6.7759895525e+06
 7.9761345001e+02  7.6531402709e+06
 8.1216299377e+02  8.5125806300e+06
 8.2671253752e+02  9.3369939932e+06
 8.4126208128e+02  1.0109252131e+07
 8.5581162504e+02  1.0812768039e+07
 8.7036116879e+02  1.1431850517e+07
 8.8491071255e+02  1.1952054306e+07
 8.9946025630e+02  1.2360519553e+07
 9.1400980006e+02  1.2646294407e+07
 9.2855934382e+02  1.2800634763e+07
 9.4310888757e+02  1.2817275406e+07
 9.5765843133e+02  1.2692667218e+07
 9.7220797509e+02  1.2426175550e+07
 9.8675751884e+02  1.2020235441e+07
 1.0013070626e+03  1.1480460003e+07
 1.0158566064e+03  1.0815698981e+07
 1.0304061501e+03  1.0038045287e+07
 1.0449556939e+03  9.1627880985e+06
 1.0595052376e+03  8.2083119813e+06
 1.0740547814e+03  7.1959423268e+06
 1.0886043251e+03  6.1497383074e+06
 1.1031538689e+03  5.0962353809e+06
 1.1177034126e+03  4.0641402346e+06
 1.1322529564e+03  3.0839818540e+06
 1.1468025002e+03  2.1877231575e+06
 1.1613520439e+03  1.4083383291e+06
 1.1759015877e+03  7.7936159554e+05
 1.1904511314e+03  3.3441372953e+05
 1.2050006752e+03  1.0671299668e+05
 1.2195502189e+03  1.2857760288e+05
 1.2340997627e+03  4.3092692783e+05
 1.2486493065e+03  1.0427889497e+06
 1.2631988502e+03  1.9908212699e+06
 1.2777483940e+03  3.2988530377e+06
 1.2922979377e+03  4.9874548491e+06
 1.3068474815e+03  7.0735433612e+06
 1.3213970252e+03  9.5700269230e+06
 1.3359465690e+03  1.2485497984e+07
 1.3504961127e+03  1.5823977405e+07
 1.3650456565e+03  1.9584715103e+07
 1.3795952003e+03  2.3762050637e+07
 1.3941447440e+03  2.8345336550e+07
 1.4086942878e+03  3.3318926355e+07
 1.4232438315e+03  3.8662228135e+07
 1.4377933753e+03  4.4349823809e+07
 1.4523429190e+03  5.0351653144e+07
 1.4668924628e+03  5.6633260674e+07
 1.4814420065e+03  6.3156102768e+07
 1.4959915503e+03  6.9877911228e+07
 1.5105410941e+03  7.6753108964e+07
 1.5250906378e+03  8.3733272554e+07
 1.5396401816e+03  9.0767635796e+07
 1.5541897253e+03  9.7803627783e+07
 1.5687392691e+03  1.0478743852e+08
 1.5832888128e+03  1.1166460472e+08
 1.5978383566e+03  1.1838060810e+08
 1.6123879004e+03  1.2488147829e+08
 1.6269374441e+03  1.3111439261e+08
 1.6414869879e+03  1.3702826462e+08
 1.6560365316e+03  1.4257431388e+08
 1.6705860754e+03  1.4770660959e+08
 1.6851356191e+03  1.5238258081e+08
 1.6996851629e+03  1.5656348694e+08
 1.7142347066e+03  1.6021484233e+08
 1.7287842504e+03  1.6330678974e+08
 1.7433337942e+03  1.6581441797e+08
 1.7578833379e+03  1.6771801993e+08
 1.7724328817e+03  1.6900328805e+08
 1.7869824254e+03  1.6966144496e+08
 1.8015319692e+03  1.6968930827e+08
 1.8160815129e+03  1.6908928901e+08
 1.8306310567e+03  1.6786932439e+08
 1.8451806004e+03  1.6604274637e+08
 1.8597301442e+03  1.6362808829e+08
 1.8742796880e+03  1.6064883270e+08
 1.8888292317e+03  1.5713310441e+08
 1.9033787755e+03  1.5311331309e+08
 1.9179283192e+03  1.4862575095e+08
 1.9324778630e+03  1.4371015091e+08
 1.9470274067e+03  1.3840921174e+08
 1.9615769505e+03  1.3276809654e+08
 1.9761264943e+03  1.2683391148e+08
 1.9906760380e+03  1.2065517165e+08
 2.0052255818e+03  1.1428126113e+08
 2.0197751255e+03  1.0776189432e+08
 2.0343246693e+03  1.0114658513e+08
 2.0488742130e+03  9.4484130920e+07
 2.0634237568e+03  8.7822117252e+07
 2.0779733005e+03  8.1206449393e+07
 2.0925228443e+03  7.4680915964e+07
 2.1070723881e+03  6.8286789522e+07
 2.1216219318e+03  6.2062468311e+07
 2.1361714756e+03  5.6043162733e+07
 2.1507210193e+03  5.0260629411e+07
 2.1652705631e+03  4.4742954984e+07
 2.1798201068e+03  3.9514391040e+07
 2.1943696506e+03  3.4595240878e+07
 2.2089191944e+03  3.0001798017e+07
 2.2234687381e+03  2.5746335712e+07
 2.2380182819e+03  2.1837145999e+07
 2.2525678256e+03  1.8278626201e+07
 2.2671173694e+03  1.5071410176e+07
 2.2816669131e+03  1.2212541088e+07
 2.2962164569e+03  9.6956819765e+06
 2.3107660006e+03  7.5113599949e+06
 2.3253155444e+03  5.6472398335e+06
 2.3398650882e+03  4.0884215960e+06
 2.3544146319e+03  2.8177581881e+06
 2.3689641757e+03  1.8161871735e+06
 2.3835137194e+03  1.0630720170e+06
 2.3980632632e+03  5.3654767403e+05
 2.4126128069e+03  2.1386559966e+05
 2.4271623507e+03  7.1733436681e+04
 2.4417118944e+03  8.6644887149e+04
 2.4562614382e+03  2.3519558188e+05
 2.4708109820e+03  4.9438112070e+05
 2.4853605257e+03  8.4187386222e+05
 2.4999100695e+03  1.2562754844e+06
 2.5144596132e+03  1.7173428103e+06
 2.5290091570e+03  2.2061848882e+06
 2.5435587007e+03  2.7054298202e+06
 2.5581082445e+03  3.1993603506e+06
 2.5726577883e+03  3.6740177282e+06
 2.5872073320e+03  4.1172738595e+06
 2.6017568758e+03  4.5188722458e+06
 2.6163064195e+03  4.8704386514e+06
 2.6308559633e+03  5.1654628738e+06
 2.6454055070e+03  5.3992533659e+06
 2.6599550508e+03  5.5688668079e+06
 2.6745045945e+03  5.6730150183e+06
 2.6890541383e+03  5.7119518400e+06
 2.7036036821e+03  5.6873428337e+06
 2.7181532258e+03  5.6021207503e+06
 2.7327027696e+03  5.4603298446e+06
 2.7472523133e+03  5.2669621254e+06
 2.7618018571e+03  5.0277886251e+06
 2.7763514008e+03  4.7491887023e+06
 2.7909009446e+03  4.4379802845e+06
 2.8054504884e+03  4.1012537991e+06
 2.8200000321e+03  3.7462123519e+06
 2.8345495759e+03  3.3800204828e+06
 2.8490991196e+03  3.0096635749e+06
 2.8636486634e+03  2.6418197121e+06
 2.8781982071e+03  2.2827454847e+06
 2.8927477509e+03  1.9381769322e+06
 2.9072972946e+03  1.6132464967e+06
 2.9218468384e+03  1.3124165440e+06
 2.9363963822e+03  1.0394296957e+06
 2.9509459259e+03  7.9727591418e+05
 2.9654954697e+03  5.8817599265e+05
 2.9800450134e+03  4.1358083389e+05
 2.9945945572e+03  2.7418565305e+05
 3.0091441009e+03  1.6995801973e+05
 3.0236936447e+03  1.0017846205e+05
 3.0382431884e+03  6.3492193986e+04
 3.0527927322e+03  5.7970399068e+04
 3.0673422760e+03  8.1179407737e+04
 3.0818918197e+03  1.3025604480e+05
 3.0964413635e+03  2.0198739519e+05
 3.1109909072e+03  2.9289324119e+05
 3.1255404510e+03  3.9930946011e+05
 3.1400899947e+03  5.1747073687e+05
 3.1546395385e+03  6.4359103786e+05
 3.1691890823e+03  7.7394040925e+05
 3.1837386260e+03  9.0491679999e+05
 3.1982881698e+03  1.0331117653e+06
 3.2128377135e+03  1.1553690757e+06
 3.2273872573e+03  1.2688354366e+06
 3.2419368010e+03  1.3710027106e+06
 3.2564863448e+03  1.4597412244e+06
 3.2710358885e+03  1.5333239306e+06
 3.2855854323e+03  1.5904413833e+06
 3.3001349761e+03  1.6302076601e+06
 3.3146845198e+03  1.6521575358e+06
 3.3292340636e+03  1.6562353648e+06
 3.3437836073e+03  1.6427762707e+06
 3.3583331511e+03  1.6124803630e+06
 3.3728826948e+03  1.5663808069e+06
 3.3874322386e+03  1.5058066514e+06
 3.4019817823e+03  1.4323413876e+06
 3.4165313261e+03  1.3477782491e+06
 3.4310808699e+03  1.2540732845e+06
 3.4456304136e+03  1.1532972370e+06
 3.4601799574e+03  1.0475872382e+06
 3.4747295011e+03  9.3909929181e+05
 3.4892790449e+03  8.2996246143e+05
 3.5038285886e+03  7.2223560628e+05
 3.5183781324e+03  6.1786742492e+05
 3.5329276762e+03  5.1866046816e+05
 3.5474772199e+03  4.2623967803e+05
 3.5620267637e+03  3.4202589684e+05
 3.5765763074e+03  2.6721467383e+05
 3.5911258512e+03  2.0276057826e+05
 3.6056753949e+03  1.4936711026e+05
 3.6202249387e+03  1.0748218508e+05
 3.6347744824e+03  7.7299056700e+04
 3.6493240262e+03  5.8762443123e+04
 3.6638735700e+03  5.1579521087e+04
 3.6784231137e+03  5.5235373586e+04
 3.6929726575e+03  6.9012400413e+04
 3.7075222012e+03  9.2013141457e+04
 3.7220717450e+03  1.2318591511e+05
 3.7366212887e+03  1.6135264042e+05
 3.7511708325e+03  2.0523819173e+05
 3.7657203763e+03  2.5350062827e+05
 3.7802699200e+03  3.0476164842e+05
 3.7948194638e+03  3.5763663801e+05
 3.8093690075e+03  4.1076371391e+05
 3.8239185513e+03  4.6283120660e+05
 3.8384680950e+03  5.1260307733e+05
 3.8530176388e+03  5.5894182626e+05
 3.8675671825e+03  6.0082851446e+05
 3.8821167263e+03  6.3737959535e+05
 3.8966662701e+03  6.6786032657e+05
 3.9112158138e+03  6.9169461116e+05
 3.9257653576e+03  7.0847119494e+05
 3.9403149013e+03  7.1794622341e+05
 3.9548644451e+03  7.2004223585e+05
 3.9694139888e+03  7.1484374380e+05
 3.9839635326e+03  7.0258960576e+05
 3.9985130763e+03  6.8366246772e+05
 4.0130626201e+03  6.5857558973e+05
 4.0276121639e+03  6.2795742096e+05
 4.0421617076e+03  5.9253431923e+05
 4.0567112514e+03  5.5311183537e+05
 4.0712607951e+03  5.1055499765e+05
 4.0858103389e+03  4.6576803738e+05
 4.1003598826e+03  4.1967399321e+05
 4.1149094264e+03  3.7319461936e+05
 4.1294589702e+03  3.2723100270e+05
 4.1440085139e+03  2.8264526533e+05
 4.1585580577e+03  2.4024369486e+05
 4.1731076014e+03  2.0076160351e+05
 4.1876571452e+03  1.6485017230e+05
 4.2022066889e+03  1.3306548691e+05
 4.2167562327e+03  1.0585992040e+05
 4.2313057764e+03  8.3575964393e+04
 4.2458553202e+03  6.6442556896e+04
 4.2604048640e+03  5.4573901942e+04
 4.2749544077e+03  4.7970725021e+04
 4.2895039515e+03  4.6523860035e+04
 4.3040534952e+03  5.0020018715e+04
 4.3186030390e+03  5.8149553237e+04
 4.3331525827e+03  7.0515987633e+04
 4.3477021265e+03  8.6647064204e+04
 4.3622516703e+03  1.0600702781e+05
 4.3768012140e+03  1.2800985404e+05
 4.3913507578e+03  1.5203311693e+05
 4.4059003015e+03  1.7743218804e+05
 4.4204498453e+03  2.0355446148e+05
 4.4349993890e+03  2.2975330817e+05
 4.4495489328e+03  2.5540147749e+05
 4.4640984765e+03  2.7990368427e+05
 4.4786480203e+03  3.0270814405e+05
 4.4931975641e+03  3.2331684842e+05
 4.5077471078e+03  3.4129440457e+05
 4.5222966516e+03  3.5627529812e+05
 4.5368461953e+03  3.6796947544e+05
 4.5513957391e+03  3.7616617910e+05
 4.5659452828e+03  3.8073600878e+05
 4.5804948266e+03  3.8163121705e+05
 4.5950443703e+03  3.7888428618e+05
 4.6095939141e+03  3.7260486604e+05
 4.6241434579e+03  3.6297518519e+05
 4.6386930016e+03  3.5024407511e+05
 4.6532425454e+03  3.3471977292e+05
 4.6677920891e+03  3.1676168777e+05
 4.6823416329e+03  2.9677133288e+05
 4.6968911766e+03  2.7518263624e+05
 4.7114407204e+03  2.5245185005e+05
 4.7259902642e+03  2.2904728091e+05
 4.7405398079e+03  2.0543906027e+05
 4.7550893517e+03  1.8208916738e+05
 4.7696388954e+03  1.5944190608e+05
 4.7841884392e+03  1.3791502122e+05
 4.7987379829e+03  1.1789162240e+05
 4.8132875267e+03  9.9713060972e+04
 4.8278370704e+03  8.3672882476e+04
 4.8423866142e+03  7.0011950860e+04
 4.8569361580e+03  5.8914813841e+04
 4.8714857017e+03  5.0507351000e+04
 4.8860352455e+03  4.4855718355e+04
 4.9005847892e+03  4.1966575853e+04
 4.9151343330e+03  4.1788557844e+04
 4.9296838767e+03  4.4214921844e+04
 4.9442334205e+03  4.9087288136e+04
 4.9587829642e+03  5.6200362389e+04
 4.9733325080e+03  6.5307515963e+04
 4.9878820518e+03  7.6127084049e+04
 5.0024315955e+03  8.8349230645e+04
 5.0169811393e+03  1.0164322156e+05
 5.0315306830e+03  1.1566494242e+05
 5.0460802268e+03  1.3006449793e+05
 5.0606297705e+03  1.4449373113e+05
 5.0751793143e+03  1.5861350761e+05
 5.0897288581e+03  1.7210061836e+05
 5.1042784018e+03  1.8465416687e+05
 5.1188279456e+03  1.9600132048e+05
 5.1333774893e+03  2.0590232207e+05
 5.1479270331e+03  2.1415467669e+05
 5.1624765768e+03  2.2059644681e+05
 5.1770261206e+03  2.2510861054e+05
 5.1915756643e+03  2.2761645748e+05
 5.2061252081e+03  2.2809001798e+05
 5.2206747519e+03  2.2654354163e+05
 5.2352242956e+03  2.2303406025e+05
 5.2497738394e+03  2.1765908895e+05
 5.2643233831e+03  2.1055353533e+05
 5.2788729269e+03  2.0188590168e+05
 5.2934224706e+03  1.9185387770e+05
 5.3079720144e+03  1.8067943131e+05
 5.3225215582e+03  1.6860351314e+05
 5.3370711019e+03  1.5588049518e+05
 5.3516206457e+03  1.4277246690e+05
 5.3661701894e+03  1.2954351161e+05
 5.3807197332e+03  1.1645408357e+05
 5.3952692769e+03  1.0375560115e+05
 5.4098188207e+03  9.1685363662e+04
 5.4243683644e+03  8.0461890588e+04
 5.4389179082e+03  7.0280770148e+04
 5.4534674520e+03  6.1311091754e+04
 5.4680169957e+03  5.3692522635e+04
 5.4825665395e+03  4.7533074096e+04
 5.4971160832e+03  4.2907587339e+04
 5.5116656270e+03  3.9856952987e+04
 5.5262151707e+03  3.8388062835e+04
 5.5407647145e+03  3.8474477053e+04
 5.5553142582e+03  4.0057775563e+04
 5.5698638020e+03  4.3049548764e+04
 5.5844133458e+03  4.7333970510e+04
 5.5989628895e+03  5.2770885482e+04
 5.6135124333e+03  5.9199333947e+04
 5.6280619770e+03  6.6441429653e+04
 5.6426115208e+03  7.4306501201e+04
 5.6571610645e+03  8.2595403922e+04
 5.6717106083e+03  9.1104907894e+04
 5.6862601521e+03  9.9632068422e+04
 5.7008096958e+03  1.0797848787e+05
 5.7153592396e+03  1.1595438216e+05
 5.7299087833e+03  1.2338237138e+05
 5.7444583271e+03  1.3010092161e+05
 5.7590078708e+03  1.3596737410e+05
 5.7735574146e+03  1.4086050787e+05
 5.7881069583e+03  1.4468259322e+05
 5.8026565021e+03  1.4736090465e+05
 5.8172060459e+03  1.4884867437e+05
 5.8317555896e+03  1.4912547921e+05
 5.8463051334e+03  1.4819706592e+05
 5.8608546771e+03  1.4609463156e+05
 5.8754042209e+03  1.4287358647e+05
 5.8899537646e+03  1.3861183758e+05
 5.9045033084e+03  1.3340763912e+05
 5.9190528522e+03  1.2737706534e+05
 5.9336023959e+03  1.2065116700e+05
 5.9481519397e+03  1.1337287815e+05
 5.9627014834e+03  1.0569374365e+05
 5.9772510272e+03  9.7770540019e+04
 5.9918005709e+03  8.9761862605e+04
 6.0063501147e+03  8.1824751327e+04
 6.0208996584e+03  7.4111424678e+04
 6.0354492022e+03  6.6766187860e+04
 6.0499987460e+03  5.9922575828e+04
 6.0645482897e+03  5.3700785732e+04
 6.0790978335e+03  4.8205445991e+04
 6.0936473772e+03  4.3523761127e+04
 6.1081969210e+03  3.9724062808e+04
 6.1227464647e+03  3.6854788347e+04
 6.1372960085e+03  3.4943898545e+04
 6.1518455522e+03  3.3998737313e+04
 6.1663950960e+03  3.4006326244e+04
 6.1809446398e+03  3.4934078374e+04
 6.1954941835e+03  3.6730906987e+04
 6.2100437273e+03  3.9328697591e+04
 6.2245932710e+03  4.2644104341e+04
 6.2391428148e+03  4.6580626236e+04
 6.2536923585e+03  5.1030913609e+04
 6.2682419023e+03  5.5879251652e+04
 6.2827914461e+03  6.1004165253e+04
 6.2973409898e+03  6.6281088055e+04
 6.3118905336e+03  7.1585038593e+04
 6.3264400773e+03  7.6793247442e+04
 6.3409896211e+03  8.1787681553e+04
 6.3555391648e+03  8.6457415267e+04
 6.3700887086e+03  9.0700801802e+04
 6.3846382523e+03  9.4427404137e+04
 6.3991877961e+03  9.7559650161e+04
 6.4137373399e+03  1.0003418342e+05
 6.4282868836e+03  1.0180288780e+05
 6.4428364274e+03  1.0283357170e+05
 6.4573859711e+03  1.0311030472e+05
 6.4719355149e+03  1.0263340716e+05
 6.4864850586e+03  1.0141910009e+05
 6.5010346024e+03  9.9498830350e+04
 6.5155841461e+03  9.6918291505e+04
 6.5301336899e+03  9.3736167735e+04
 6.5446832337e+03  9.0022632581e+04
 6.5592327774e+03  8.5857639137e+04
 6.5737823212e+03  8.1329041735e+04
 6.5883318649e+03  7.6530591865e+04
 6.6028814087e+03  7.1559852761e+04
 6.6174309524e+03  6.6516077885e+04
 6.6319804962e+03  6.1498098300e+04
 6.6465300400e+03  5.6602262804e+04
 6.6610795837e+03  5.1920472695e+04
 6.6756291275e+03  4.7538350161e+04
 6.6901786712e+03  4.3533575706e+04
 6.7047282150e+03  3.9974425763e+04
 6.7192777587e+03  3.6918536825e+04
 6.7338273025e+03  3.4411917155e+04
 6.7483768462e+03  3.2488221561e+04
 6.7629263900e+03  3.1168298904e+04
 6.7774759338e+03  3.0460016155e+04
 6.7920254775e+03  3.0358356949e+04
 6.8065750213e+03  3.0845786959e+04
 6.8211245650e+03  3.1892872983e+04
 6.8356741088e+03  3.3459137646e+04
 6.8502236525e+03  3.5494127090e+04
 6.8647731963e+03  3.7938665055e+04
 6.8793227401e+03  4.0726263438e+04
 6.8938722838e+03  4.3784656747e+04
 6.9084218276e+03  4.7037426000e+04
 6.9229713713e+03  5.0405676420e+04
 6.9375209151e+03  5.3809732926e+04
 6.9520704588e+03  5.7170817751e+04
 6.9666200026e+03  6.0412675646e+04
 6.9811695463e+03  6.3463113899e+04
 6.9957190901e+03  6.6255426838e+04
 7.0102686339e+03  6.8729677523e+04
 7.0248181776e+03  7.0833812817e+04
 7.0393677214e+03  7.2524592000e+04
 7.0539172651e+03  7.3768313358e+04
 7.0684668089e+03  7.4541327667e+04
 7.0830163526e+03  7.4830332185e+04
 7.0975658964e+03  7.4632443398e+04
 7.1121154401e+03  7.3955051449e+04
 7.1266649839e+03  7.2815463617e+04
 7.1412145277e+03  7.1240348448e+04
 7.1557640714e+03  6.9264996080e+04
 7.1703136152e+03  6.6932413750e+04
 7.1848631589e+03  6.4292278573e+04
 7.1994127027e+03  6.1399772165e+04
 7.2139622464e+03  5.8314323656e+04
 7.2285117902e+03  5.5098289020e+04
 7.2430613340e+03  5.1815595396e+04
 7.2576108777e+03  4.8530379256e+04
 7.2721604215e+03  4.5305646816e+04
 7.2867099652e+03  4.2201984058e+04
 7.3012595090e+03  3.9276342181e+04
 7.3158090527e+03  3.6580922214e+04
 7.3303585965e+03  3.4162179984e+04
 7.3449081402e+03  3.2059969766e+04
 7.3594576840e+03  3.0306841650e+04
 7.3740072278e+03  2.8927504228e+04
 7.3885567715e+03  2.7938460514e+04
 7.4031063153e+03  2.7347821294e+04
 7.4176558590e+03  2.7155296329e+04
 7.4322054028e+03  2.7352360141e+04
 7.4467549465e+03  2.7922585572e+04
 7.4613044903e+03  2.8842134951e+04
=======
 2.6433467434e+02  7.3909365471e+07
 2.8495277894e+02  8.1413657138e+07
 3.0557088354e+02  8.8445270587e+07
 3.2618898814e+02  9.4854948953e+07
 3.4680709274e+02  1.0050552604e+08
 3.6742519733e+02  1.0527480355e+08
 3.8804330193e+02  1.0905815605e+08
 4.0866140653e+02  1.1177081175e+08
 4.2927951113e+02  1.1334976287e+08
 4.4989761573e+02  1.1375526611e+08
 4.7051572033e+02  1.1297190089e+08
 4.9113382493e+02  1.1100916127e+08
 5.1175192952e+02  1.0790156579e+08
 5.3237003412e+02  1.0370827839e+08
 5.5298813872e+02  9.8512242682e+07
 5.7360624332e+02  9.2418840718e+07
 5.9422434792e+02  8.5554096501e+07
 6.1484245252e+02  7.8062453109e+07
 6.3546055712e+02  7.0104160399e+07
 6.5607866171e+02  6.1852317943e+07
 6.7669676631e+02  5.3489624684e+07
 6.9731487091e+02  4.5204892764e+07
 7.1793297551e+02  3.7189388056e+07
 7.3855108011e+02  2.9633063833e+07
 7.5916918471e+02  2.2720756829e+07
 7.7978728931e+02  1.6628416551e+07
 8.0040539390e+02  1.1519439039e+07
 8.2102349850e+02  7.5411753479e+06
 8.4164160310e+02  4.8216829039e+06
 8.6225970770e+02  3.4667844285e+06
 8.8287781230e+02  3.5574946038e+06
 9.0349591690e+02  5.1478689288e+06
 9.2411402150e+02  8.2633225219e+06
 9.4473212610e+02  1.2899458991e+07
 9.6535023069e+02  1.9021441074e+07
 9.8596833529e+02  2.6563925676e+07
 1.0065864399e+03  3.5431576340e+07
 1.0272045445e+03  4.5500156272e+07
 1.0478226491e+03  5.6618194901e+07
 1.0684407537e+03  6.8609210868e+07
 1.0890588583e+03  8.1274464339e+07
 1.1096769629e+03  9.4396201926e+07
 1.1302950675e+03  1.0774134836e+08
 1.1509131721e+03  1.2106559058e+08
 1.1715312767e+03  1.3411779216e+08
 1.1921493813e+03  1.4664466947e+08
 1.2127674859e+03  1.5839565492e+08
 1.2333855905e+03  1.6912786852e+08
 1.2540036951e+03  1.7861111548e+08
 1.2746217997e+03  1.8663282564e+08
 1.2952399043e+03  1.9300285015e+08
 1.3158580089e+03  1.9755803134e+08
 1.3364761135e+03  2.0016646409e+08
 1.3570942181e+03  2.0073137056e+08
 1.3777123227e+03  1.9919451493e+08
 1.3983304273e+03  1.9553909097e+08
 1.4189485319e+03  1.8979202254e+08
 1.4395666365e+03  1.8202562545e+08
 1.4601847411e+03  1.7235858840e+08
 1.4808028457e+03  1.6095624072e+08
 1.5014209503e+03  1.4803008539e+08
 1.5220390549e+03  1.3383658701e+08
 1.5426571595e+03  1.1867521576e+08
 1.5632752641e+03  1.0288575993e+08
 1.5838933687e+03  8.6844931505e+07
 1.6045114733e+03  7.0962299901e+07
 1.6251295778e+03  5.5675600486e+07
 1.6457476824e+03  4.1445474271e+07
 1.6663657870e+03  2.8749704934e+07
 1.6869838916e+03  1.8077027803e+07
 1.7076019962e+03  9.9205929771e+06
 1.7282201008e+03  4.7711711353e+06
 1.7488382054e+03  3.1101956294e+06
 1.7694563100e+03  5.4027381826e+06
 1.7900744146e+03  1.2090517783e+07
 1.8106925192e+03  2.3585043167e+07
 1.8313106238e+03  4.0260988595e+07
 1.8519287284e+03  6.2449900454e+07
 1.8725468330e+03  9.0434328563e+07
 1.8931649376e+03  1.2444247102e+08
 1.9137830422e+03  1.6464341500e+08
 1.9344011468e+03  2.1114304839e+08
 1.9550192514e+03  2.6398070803e+08
 1.9756373560e+03  3.2312662105e+08
 1.9962554606e+03  3.8848018458e+08
 2.0168735652e+03  4.5986911813e+08
 2.0374916698e+03  5.3704951068e+08
 2.0581097744e+03  6.1970677267e+08
 2.0787278790e+03  7.0745749001e+08
 2.0993459836e+03  7.9985216525e+08
 2.1199640882e+03  8.9637881863e+08
 2.1405821928e+03  9.9646740937e+08
 2.1612002974e+03  1.0994950270e+09
 2.1818184020e+03  1.2047917907e+09
 2.2024365066e+03  1.3116473862e+09
 2.2230546112e+03  1.4193181592e+09
 2.2436727158e+03  1.5270346781e+09
 2.2642908204e+03  1.6340096721e+09
 2.2849089250e+03  1.7394462438e+09
 2.3055270296e+03  1.8425462548e+09
 2.3261451342e+03  1.9425187774e+09
 2.3467632388e+03  2.0385885071e+09
 2.3673813434e+03  2.1300040293e+09
 2.3879994480e+03  2.2160458371e+09
 2.4086175526e+03  2.2960339998e+09
 2.4292356572e+03  2.3693353873e+09
 2.4498537618e+03  2.4353703611e+09
 2.4704718664e+03  2.4936188503e+09
 2.4910899710e+03  2.5436257397e+09
 2.5117080756e+03  2.5850055058e+09
 2.5323261802e+03  2.6174460472e+09
 2.5529442848e+03  2.6407116683e+09
 2.5735623894e+03  2.6546451815e+09
 2.5941804940e+03  2.6591691128e+09
 2.6147985986e+03  2.6542859994e+09
 2.6354167032e+03  2.6400777850e+09
 2.6560348078e+03  2.6167043295e+09
 2.6766529124e+03  2.5844010577e+09
 2.6972710170e+03  2.5434757883e+09
 2.7178891216e+03  2.4943047882e+09
 2.7385072262e+03  2.4373281123e+09
 2.7591253308e+03  2.3730442931e+09
 2.7797434354e+03  2.3020044553e+09
 2.8003615400e+03  2.2248059340e+09
 2.8209796446e+03  2.1420854829e+09
 2.8415977492e+03  2.0545121610e+09
 2.8622158538e+03  1.9627799903e+09
 2.8828339584e+03  1.8676004776e+09
 2.9034520630e+03  1.7696950938e+09
 2.9240701676e+03  1.6697878033e+09
 2.9446882722e+03  1.5685977336e+09
 2.9653063768e+03  1.4668320709e+09
 2.9859244814e+03  1.3651792640e+09
 3.0065425860e+03  1.2643026126e+09
 3.0271606906e+03  1.1648343091e+09
 3.0477787952e+03  1.0673699954e+09
 3.0683968998e+03  9.7246389037e+08
 3.0890150044e+03  8.8062453116e+08
 3.1096331089e+03  7.9231116540e+08
 3.1302512135e+03  7.0793082108e+08
 3.1508693181e+03  6.2783607103e+08
 3.1714874227e+03  5.5232349950e+08
 3.1921055273e+03  4.8163286925e+08
 3.2127236319e+03  4.1594697793e+08
 3.2333417365e+03  3.5539218408e+08
 3.2539598411e+03  3.0003957463e+08
 3.2745779457e+03  2.4990673809e+08
 3.2951960503e+03  2.0496010069e+08
 3.3158141549e+03  1.6511777658e+08
 3.3364322595e+03  1.3025287770e+08
 3.3570503641e+03  1.0019722457e+08
 3.3776684687e+03  7.4745395903e+07
 3.3982865733e+03  5.3659052127e+07
 3.4189046779e+03  3.6671466628e+07
 3.4395227825e+03  2.3492197836e+07
 3.4601408871e+03  1.3811835727e+07
 3.4807589917e+03  7.3067576020e+06
 3.5013770963e+03  3.6438302638e+06
 3.5219952009e+03  2.4849986738e+06
 3.5426133055e+03  3.4917050111e+06
 3.5632314101e+03  6.3290864703e+06
 3.5838495147e+03  1.0669905196e+07
 3.6044676193e+03  1.6198169286e+07
 3.6250857239e+03  2.2612409729e+07
 3.6457038285e+03  2.9628584384e+07
 3.6663219331e+03  3.6982586542e+07
 3.6869400377e+03  4.4432342126e+07
 3.7075581423e+03  5.1759486109e+07
 3.7281762469e+03  5.8770615158e+07
 3.7487943515e+03  6.5298119711e+07
 3.7694124561e+03  7.1200604639e+07
 3.7900305607e+03  7.6362913233e+07
 3.8106486653e+03  8.0695774363e+07
 3.8312667699e+03  8.4135097328e+07
 3.8518848745e+03  8.6640943006e+07
 3.8725029791e+03  8.8196203374e+07
 3.8931210837e+03  8.8805024413e+07
 3.9137391883e+03  8.8491009566e+07
 3.9343572929e+03  8.7295242548e+07
 3.9549753975e+03  8.5274169187e+07
 3.9755935021e+03  8.2497378265e+07
 3.9962116067e+03  7.9045320963e+07
 4.0168297113e+03  7.5007007559e+07
 4.0374478159e+03  7.0477718529e+07
 4.0580659205e+03  6.5556765159e+07
 4.0786840251e+03  6.0345332302e+07
 4.0993021297e+03  5.4944433028e+07
 4.1199202343e+03  4.9453001656e+07
 4.1405383389e+03  4.3966148173e+07
 4.1611564435e+03  3.8573593316e+07
 4.1817745481e+03  3.3358299709e+07
 4.2023926527e+03  2.8395310541e+07
 4.2230107573e+03  2.3750803290e+07
 4.2436288619e+03  1.9481362127e+07
 4.2642469665e+03  1.5633468855e+07
 4.2848650711e+03  1.2243208623e+07
 4.3054831757e+03  9.3361832985e+06
 4.3261012803e+03  6.9276222549e+06
 4.3467193849e+03  5.0226775580e+06
 4.3673374895e+03  3.6168880597e+06
 4.3879555941e+03  2.6967948493e+06
 4.4085736987e+03  2.2406888070e+06
 4.4291918033e+03  2.2194697223e+06
 4.4498099079e+03  2.5975955527e+06
 4.4704280125e+03  3.3340999199e+06
 4.4910461171e+03  4.3836558550e+06
 4.5116642217e+03  5.6976640976e+06
 4.5322823263e+03  7.2253449090e+06
 4.5529004309e+03  8.9148133406e+06
 4.5735185354e+03  1.0714119189e+07
 4.5941366400e+03  1.2572234417e+07
 4.6147547446e+03  1.4439972604e+07
 4.6353728492e+03  1.6270826957e+07
 4.6559909538e+03  1.8021715530e+07
 4.6766090584e+03  1.9653624504e+07
 4.6972271630e+03  2.1132142691e+07
 4.7178452676e+03  2.2427882676e+07
 4.7384633722e+03  2.3516786318e+07
 4.7590814768e+03  2.4380314541e+07
 4.7796995814e+03  2.5005523429e+07
 4.8003176860e+03  2.5385030655e+07
 4.8209357906e+03  2.5516878083e+07
 4.8415538952e+03  2.5404298008e+07
 4.8621719998e+03  2.5055391937e+07
 4.8827901044e+03  2.4482732019e+07
 4.9034082090e+03  2.3702896186e+07
 4.9240263136e+03  2.2735948813e+07
 4.9446444182e+03  2.1604879157e+07
 4.9652625228e+03  2.0335010092e+07
 4.9858806274e+03  1.8953389630e+07
 5.0064987320e+03  1.7488177501e+07
 5.0271168366e+03  1.5968038605e+07
 5.0477349412e+03  1.4421554506e+07
 5.0683530458e+03  1.2876663312e+07
 5.0889711504e+03  1.1360137300e+07
 5.1095892550e+03  9.8971065463e+06
 5.1302073596e+03  8.5106355794e+06
 5.1508254642e+03  7.2213588047e+06
 5.1714435688e+03  6.0471790787e+06
 5.1920616734e+03  5.0030324448e+06
 5.2126797780e+03  4.1007206685e+06
 5.2332978826e+03  3.3488118621e+06
 5.2539159872e+03  2.7526081887e+06
 5.2745340918e+03  2.3141784151e+06
 5.2951521964e+03  2.0324519445e+06
 5.3157703010e+03  1.9033699389e+06
 5.3363884056e+03  1.9200882391e+06
 5.3570065102e+03  2.0732260245e+06
 5.3776246148e+03  2.3511535371e+06
 5.3982427194e+03  2.7403117203e+06
 5.4188608240e+03  3.2255563101e+06
 5.4394789286e+03  3.7905187501e+06
 5.4600970332e+03  4.4179762901e+06
 5.4807151378e+03  5.0902237583e+06
 5.5013332424e+03  5.7894397669e+06
 5.5219513470e+03  6.4980405039e+06
 5.5425694516e+03  7.1990147742e+06
 5.5631875562e+03  7.8762345605e+06
 5.5838056608e+03  8.5147360692e+06
 5.6044237654e+03  9.1009669903e+06
 5.6250418700e+03  9.6229965109e+06
 5.6456599746e+03  1.0070685476e+07
 5.6662780792e+03  1.0435814950e+07
 5.6868961838e+03  1.0712172303e+07
 5.7075142884e+03  1.0895594795e+07
 5.7281323930e+03  1.0983971444e+07
 5.7487504976e+03  1.0977204743e+07
 5.7693686022e+03  1.0877134502e+07
 5.7899867068e+03  1.0687426731e+07
 5.8106048114e+03  1.0413431038e+07
 5.8312229160e+03  1.0062010518e+07
 5.8518410206e+03  9.6413484438e+06
 5.8724591252e+03  9.1607364105e+06
 5.8930772298e+03  8.6303487189e+06
 5.9136953344e+03  8.0610079106e+06
 5.9343134390e+03  7.4639463321e+06
 5.9549315436e+03  6.8505685145e+06
 5.9755496482e+03  6.2322189587e+06
 5.9961677528e+03  5.6199596445e+06
 6.0167858574e+03  5.0243612384e+06
 6.0374039620e+03  4.4553115620e+06
 6.0580220665e+03  3.9218444239e+06
 6.0786401711e+03  3.4319914074e+06
 6.0992582757e+03  2.9926586732e+06
 6.1198763803e+03  2.6095302746e+06
 6.1404944849e+03  2.2869989178e+06
 6.1611125895e+03  2.0281245340e+06
 6.1817306941e+03  1.8346204791e+06
 6.2023487987e+03  1.7068666464e+06
 6.2229669033e+03  1.6439482852e+06
 6.2435850079e+03  1.6437188563e+06
 6.2642031125e+03  1.7028848558e+06
 6.2848212171e+03  1.8171101779e+06
 6.3054393217e+03  1.9811372999e+06
 6.3260574263e+03  2.1889223351e+06
 6.3466755309e+03  2.4337808398e+06
 6.3672936355e+03  2.7085411528e+06
 6.3879117401e+03  3.0057020179e+06
 6.4085298447e+03  3.3175912642e+06
 6.4291479493e+03  3.6365224120e+06
 6.4497660539e+03  3.9549462197e+06
 6.4703841585e+03  4.2655943865e+06
 6.4910022631e+03  4.5616128753e+06
 6.5116203677e+03  4.8366826061e+06
 6.5322384723e+03  5.0851255933e+06
 6.5528565769e+03  5.3019949479e+06
 6.5734746815e+03  5.4831475340e+06
 6.5940927861e+03  5.6252984434e+06
 6.6147108907e+03  5.7260568379e+06
 6.6353289953e+03  5.7839430817e+06
 6.6559470999e+03  5.7983874577e+06
 6.6765652045e+03  5.7697111024e+06
 6.6971833091e+03  5.6990901265e+06
 6.7178014137e+03  5.5885041761e+06
 6.7384195183e+03  5.4406709538e+06
 6.7590376229e+03  5.2589684410e+06
 6.7796557275e+03  5.0473467429e+06
 6.8002738321e+03  4.8102316163e+06
 6.8208919367e+03  4.5524218362e+06
 6.8415100413e+03  4.2789826025e+06
 6.8621281459e+03  3.9951371954e+06
 6.8827462505e+03  3.7061590496e+06
 6.9033643551e+03  3.4172663378e+06
 6.9239824597e+03  3.1335210367e+06
 6.9446005643e+03  2.8597342988e+06
 6.9652186689e+03  2.6003797706e+06
 6.9858367735e+03  2.3595162909e+06
 7.0064548781e+03  2.1407211732e+06
 7.0270729827e+03  1.9470350329e+06
 7.0476910873e+03  1.7809188660e+06
 7.0683091919e+03  1.6442238205e+06
 7.0889272965e+03  1.5381738482e+06
 7.1095454011e+03  1.4633611618e+06
 7.1301635057e+03  1.4197541803e+06
 7.1507816103e+03  1.4067174120e+06
 7.1713997149e+03  1.4230425087e+06
 7.1920178195e+03  1.4669895359e+06
 7.2126359241e+03  1.5363373318e+06
 7.2332540287e+03  1.6284416892e+06
 7.2538721333e+03  1.7402999843e+06
 7.2744902379e+03  1.8686207908e+06
 7.2951083425e+03  2.0098969700e+06
 7.3157264471e+03  2.1604807082e+06
 7.3363445517e+03  2.3166589794e+06
 7.3569626563e+03  2.4747279553e+06
 7.3775807609e+03  2.6310649477e+06
 7.3981988655e+03  2.7821965624e+06
 7.4188169701e+03  2.9248618576e+06
 7.4394350747e+03  3.0560694349e+06
 7.4600531793e+03  3.1731475404e+06
 7.4806712839e+03  3.2737864199e+06
 7.5012893885e+03  3.3560723428e+06
 7.5219074931e+03  3.4185128910e+06
 7.5425255976e+03  3.4600532895e+06
 7.5631437022e+03  3.4800837369e+06
 7.5837618068e+03  3.4784378666e+06
 7.6043799114e+03  3.4553826414e+06
 7.6249980160e+03  3.4116001367e+06
 7.6456161206e+03  3.3481618124e+06
 7.6662342252e+03  3.2664959998e+06
 7.6868523298e+03  3.1683494398e+06
 7.7074704344e+03  3.0557437952e+06
 7.7280885390e+03  2.9309281336e+06
 7.7487066436e+03  2.7963284190e+06
 7.7693247482e+03  2.6544950826e+06
 7.7899428528e+03  2.5080497419e+06
 7.8105609574e+03  2.3596321267e+06
 7.8311790620e+03  2.2118482289e+06
 7.8517971666e+03  2.0672206448e+06
 7.8724152712e+03  1.9281420007e+06
 7.8930333758e+03  1.7968322721e+06
 7.9136514804e+03  1.6753007023e+06
 7.9342695850e+03  1.5653129202e+06
 7.9548876896e+03  1.4683637365e+06
 7.9755057942e+03  1.3856559751e+06
 7.9961238988e+03  1.3180855683e+06
 8.0167420034e+03  1.2662330186e+06
 8.0373601080e+03  1.2303612028e+06
 8.0579782126e+03  1.2104193742e+06
 8.0785963172e+03  1.2060531023e+06
 8.0992144218e+03  1.2166197842e+06
 8.1198325264e+03  1.2412092657e+06
 8.1404506310e+03  1.2786690243e+06
 8.1610687356e+03  1.3276332972e+06
 8.1816868402e+03  1.3865554775e+06
 8.2023049448e+03  1.4537430606e+06
 8.2229230494e+03  1.5273943953e+06
 8.2435411540e+03  1.6056364800e+06
 8.2641592586e+03  1.6865630487e+06
 8.2847773632e+03  1.7682722058e+06
 8.3053954678e+03  1.8489029019e+06
 8.3260135724e+03  1.9266695836e+06
 8.3466316770e+03  1.9998944055e+06
 8.3672497816e+03  2.0670364573e+06
 8.3878678862e+03  2.1267175328e+06
 8.4084859908e+03  2.1777440448e+06
 8.4291040954e+03  2.2191247790e+06
 8.4497222000e+03  2.2500842653e+06
 8.4703403046e+03  2.2700716363e+06
 8.4909584092e+03  2.2787649332e+06
 8.5115765138e+03  2.2760709061e+06
 8.5321946184e+03  2.2621204415e+06
 8.5528127230e+03  2.2372598287e+06
 8.5734308276e+03  2.2020381501e+06
 8.5940489322e+03  2.1571911456e+06
 8.6146670368e+03  2.1036219606e+06
 8.6352851414e+03  2.0423792299e+06
 8.6559032460e+03  1.9746329942e+06
 8.6765213506e+03  1.9016489653e+06
 8.6971394552e+03  1.8247616804e+06
 8.7177575598e+03  1.7453470844e+06
 8.7383756644e+03  1.6647950812e+06
 8.7589937690e+03  1.5844825732e+06
 8.7796118736e+03  1.5057474922e+06
 8.8002299782e+03  1.4298642837e+06
 8.8208480828e+03  1.3580212719e+06
 8.8414661874e+03  1.2913002823e+06
 8.8620842920e+03  1.2306588456e+06
 8.8827023966e+03  1.1769152494e+06
 8.9033205012e+03  1.1307366413e+06
 8.9239386058e+03  1.0926303264e+06
 8.9445567104e+03  1.0629383332e+06
 8.9651748150e+03  1.0418352639e+06
 8.9857929196e+03  1.0293293768e+06
 9.0064110242e+03  1.0252667936e+06
 9.0270291287e+03  1.0293386656e+06
 9.0476472333e+03  1.0410910826e+06
 9.0682653379e+03  1.0599374636e+06
 9.0888834425e+03  1.0851731258e+06
 9.1095015471e+03  1.1159917005e+06
 9.1301196517e+03  1.1515030344e+06
 9.1507377563e+03  1.1907521992e+06
 9.1713558609e+03  1.2327392219e+06
 9.1919739655e+03  1.2764391451e+06
 9.2125920701e+03  1.3208220297e+06
 9.2332101747e+03  1.3648725270e+06
 9.2538282793e+03  1.4076086628e+06
 9.2744463839e+03  1.4480995018e+06
 9.2950644885e+03  1.4854813902e+06
 9.3156825931e+03  1.5189725111e+06
 9.3363006977e+03  1.5478855214e+06
 9.3569188023e+03  1.5716380870e+06
 9.3775369069e+03  1.5897611730e+06
 9.3981550115e+03  1.6019049929e+06
 9.4187731161e+03  1.6078425668e+06
 9.4393912207e+03  1.6074708855e+06
 9.4600093253e+03  1.6008097207e+06
 9.4806274299e+03  1.5879981651e+06
 9.5012455345e+03  1.5692890259e+06
 9.5218636391e+03  1.5450412325e+06
 9.5424817437e+03  1.5157104517e+06
 9.5630998483e+03  1.4818381302e+06
 9.5837179529e+03  1.4440392116e+06
 9.6043360575e+03  1.4029887877e+06
 9.6249541621e+03  1.3594079635e+06
 9.6455722667e+03  1.3140492149e+06
 9.6661903713e+03  1.2676815283e+06
 9.6868084759e+03  1.2210756012e+06
 9.7074265805e+03  1.1749893777e+06
 9.7280446851e+03  1.1301541802e+06
 9.7486627897e+03  1.0872616777e+06
 9.7692808943e+03  1.0469519132e+06
 9.7898989989e+03  1.0098025846e+06
 9.8105171035e+03  9.7631974620e+05
 9.8311352081e+03  9.4693006885e+05
 9.8517533127e+03  9.2197476184e+05
 9.8723714173e+03  9.0170522890e+05
 9.8929895219e+03  8.8628049548e+05
 9.9136076265e+03  8.7576641135e+05
 9.9342257311e+03  8.7013659978e+05
 9.9548438357e+03  8.6927509327e+05
 9.9754619403e+03  8.7298056593e+05
 9.9960800449e+03  8.8097204597e+05
 1.0016698149e+04  8.9289596713e+05
 1.0037316254e+04  9.0833439689e+05
 1.0057934359e+04  9.2681426184e+05
 1.0078552463e+04  9.4781737640e+05
 1.0099170568e+04  9.7079107138e+05
 1.0119788672e+04  9.9515921267e+05
 1.0140406777e+04  1.0203333983e+06
 1.0161024882e+04  1.0457241242e+06
 1.0181642986e+04  1.0707517135e+06
 1.0202261091e+04  1.0948568159e+06
 1.0222879195e+04  1.1175102927e+06
 1.0243497300e+04  1.1382223218e+06
 1.0264115405e+04  1.1565505728e+06
 1.0284733509e+04  1.1721073244e+06
 1.0305351614e+04  1.1845654182e+06
 1.0325969718e+04  1.1936629654e+06
 1.0346587823e+04  1.1992067491e+06
 1.0367205928e+04  1.2010742904e+06
 1.0387824032e+04  1.1992145685e+06
 1.0408442137e+04  1.1936474136e+06
 1.0429060241e+04  1.1844616128e+06
 1.0449678346e+04  1.1718117910e+06
 1.0470296451e+04  1.1559141531e+06
 1.0490914555e+04  1.1370411878e+06
 1.0511532660e+04  1.1155154540e+06
 1.0532150764e+04  1.0917025822e+06
 1.0552768869e+04  1.0660036359e+06
 1.0573386974e+04  1.0388469867e+06
>>>>>>> d6e0f6dfa9a8359b5b72fb6d39147dc6c18cec9d
