 1.8653261226e+02  4.7957568334e+06
 1.8653654740e+02  4.7957568334e+06
 2.0108215601e+02  5.2876555039e+06
 2.0108639810e+02  5.2876555039e+06
 2.1563169977e+02  5.7452116748e+06
 2.1563624880e+02  5.7452116748e+06
 2.3018124353e+02  6.1583646543e+06
 2.3018609949e+02  6.1583646543e+06
 2.4473078728e+02  6.5179509934e+06
 2.4473595019e+02  6.5179509934e+06
 2.5928033104e+02  6.8159040632e+06
 2.5928580089e+02  6.8159040632e+06
 2.7382987479e+02  7.0454328762e+06
 2.7383565158e+02  7.0454328762e+06
 2.8837941855e+02  7.2011764498e+06
 2.8838550228e+02  7.2011764498e+06
 3.0292896231e+02  7.2793304544e+06
 3.0293535298e+02  7.2793304544e+06
 3.1747850606e+02  7.2777434048e+06
 3.1748520368e+02  7.2777434048e+06
 3.3202804982e+02  7.1959802214e+06
 3.3203505437e+02  7.1959802214e+06
 3.4657759357e+02  7.0353516013e+06
 3.4658490507e+02  7.0353516013e+06
 3.6112713733e+02  6.7989082850e+06
 3.6113475577e+02  6.7989082850e+06
 3.7567668109e+02  6.4913999778e+06
 3.7568460647e+02  6.4913999778e+06
 3.9022622484e+02  6.1191993574e+06
 3.9023445716e+02  6.1191993574e+06
 4.0477576860e+02  5.6901922824e+06
 4.0478430786e+02  5.6901922824e+06
 4.1932531235e+02  5.2136359693e+06
 4.1933415856e+02  5.2136359693e+06
 4.3387485611e+02  4.6999875470e+06
 4.3388400925e+02  4.6999875470e+06
 4.4842439987e+02  4.1607059828e+06
 4.4843385995e+02  4.1607059828e+06
 4.6297394362e+02  3.6080309242e+06
 4.6298371065e+02  3.6080309242e+06
 4.7752348738e+02  3.0547424778e+06
 4.7753356135e+02  3.0547424778e+06
 4.9207303113e+02  2.5139063612e+06
 4.9208341204e+02  2.5139063612e+06
 5.0662257489e+02  1.9986091950e+06
 5.0663326274e+02  1.9986091950e+06
 5.2117211865e+02  1.5216889519e+06
 5.2118311344e+02  1.5216889519e+06
 5.3572166240e+02  1.0954657381e+06
 5.3573296414e+02  1.0954657381e+06
 5.5027120616e+02  7.3147814444e+05
 5.5028281483e+02  7.3147814444e+05
 5.6482074992e+02  4.4023037497e+05
 5.6483266553e+02  4.4023037497e+05
 5.7937029367e+02  2.3095523298e+05
 5.7938251623e+02  2.3095523298e+05
 5.9391983743e+02  1.1139782027e+05
 5.9393236693e+02  1.1139782027e+05
 6.0846938118e+02  8.7624493647e+04
 6.0848221762e+02  8.7624493647e+04
 6.2301892494e+02  1.6386122112e+05
 6.2303206832e+02  1.6386122112e+05
 6.3756846870e+02  3.4236499966e+05
 6.3758191902e+02  3.4236499966e+05
 6.5211801245e+02  6.2333144335e+05
 6.5213176971e+02  6.2333144335e+05
 6.6666755621e+02  1.0048410345e+06
 6.6668162041e+02  1.0048410345e+06
 6.8121709996e+02  1.4828458608e+06
 6.8123147111e+02  1.4828458608e+06
 6.9576664372e+02  2.0511979512e+06
 6.9578132181e+02  2.0511979512e+06
 7.1031618748e+02  2.7017195834e+06
 7.1033117250e+02  2.7017195834e+06
 7.2486573123e+02  3.4243151794e+06
 7.2488102320e+02  3.4243151794e+06
 7.3941527499e+02  4.2071236454e+06
 7.3943087390e+02  4.2071236454e+06
 7.5396481874e+02  5.0367092643e+06
 7.5398072460e+02  5.0367092643e+06
 7.6851436250e+02  5.8982885211e+06
 7.6853057529e+02  5.8982885211e+06
 7.8306390626e+02  6.7759895525e+06
 7.8308042599e+02  6.7759895525e+06
 7.9761345001e+02  7.6531402709e+06
 7.9763027669e+02  7.6531402709e+06
 8.1216299377e+02  8.5125806300e+06
 8.1218012738e+02  8.5125806300e+06
 8.2671253752e+02  9.3369939932e+06
 8.2672997808e+02  9.3369939932e+06
 8.4126208128e+02  1.0109252131e+07
 8.4127982878e+02  1.0109252131e+07
 8.5581162504e+02  1.0812768039e+07
 8.5582967948e+02  1.0812768039e+07
 8.7036116879e+02  1.1431850517e+07
 8.7037953017e+02  1.1431850517e+07
 8.8491071255e+02  1.1952054306e+07
 8.8492938087e+02  1.1952054306e+07
 8.9946025630e+02  1.2360519553e+07
 8.9947923157e+02  1.2360519553e+07
 9.1400980006e+02  1.2646294407e+07
 9.1402908227e+02  1.2646294407e+07
 9.2855934382e+02  1.2800634763e+07
 9.2857893296e+02  1.2800634763e+07
 9.4310888757e+02  1.2817275406e+07
 9.4312878366e+02  1.2817275406e+07
 9.5765843133e+02  1.2692667218e+07
 9.5767863436e+02  1.2692667218e+07
 9.7220797509e+02  1.2426175550e+07
 9.7222848505e+02  1.2426175550e+07
 9.8675751884e+02  1.2020235441e+07
 9.8677833575e+02  1.2020235441e+07
 1.0013070626e+03  1.1480460003e+07
 1.0013281864e+03  1.1480460003e+07
 1.0158566064e+03  1.0815698981e+07
 1.0158780371e+03  1.0815698981e+07
 1.0304061501e+03  1.0038045287e+07
 1.0304278878e+03  1.0038045287e+07
 1.0449556939e+03  9.1627880985e+06
 1.0449777385e+03  9.1627880985e+06
 1.0595052376e+03  8.2083119813e+06
 1.0595275892e+03  8.2083119813e+06
 1.0740547814e+03  7.1959423268e+06
 1.0740774399e+03  7.1959423268e+06
 1.0886043251e+03  6.1497383074e+06
 1.0886272906e+03  6.1497383074e+06
 1.1031538689e+03  5.0962353809e+06
 1.1031771413e+03  5.0962353809e+06
 1.1177034126e+03  4.0641402346e+06
 1.1177269920e+03  4.0641402346e+06
 1.1322529564e+03  3.0839818540e+06
 1.1322768427e+03  3.0839818540e+06
 1.1468025002e+03  2.1877231575e+06
 1.1468266934e+03  2.1877231575e+06
 1.1613520439e+03  1.4083383291e+06
 1.1613765441e+03  1.4083383291e+06
 1.1759015877e+03  7.7936159554e+05
 1.1759263948e+03  7.7936159554e+05
 1.1904511314e+03  3.3441372953e+05
 1.1904762455e+03  3.3441372953e+05
 1.2050006752e+03  1.0671299668e+05
 1.2050260962e+03  1.0671299668e+05
 1.2195502189e+03  1.2857760288e+05
 1.2195759469e+03  1.2857760288e+05
 1.2340997627e+03  4.3092692783e+05
 1.2341257976e+03  4.3092692783e+05
 1.2486493065e+03  1.0427889497e+06
 1.2486756483e+03  1.0427889497e+06
 1.2631988502e+03  1.9908212699e+06
 1.2632254990e+03  1.9908212699e+06
 1.2777483940e+03  3.2988530377e+06
 1.2777753497e+03  3.2988530377e+06
 1.2922979377e+03  4.9874548491e+06
 1.2923252004e+03  4.9874548491e+06
 1.3068474815e+03  7.0735433612e+06
 1.3068750511e+03  7.0735433612e+06
 1.3213970252e+03  9.5700269230e+06
 1.3214249018e+03  9.5700269230e+06
 1.3359465690e+03  1.2485497984e+07
 1.3359747525e+03  1.2485497984e+07
 1.3504961127e+03  1.5823977405e+07
 1.3505246032e+03  1.5823977405e+07
 1.3650456565e+03  1.9584715103e+07
 1.3650744539e+03  1.9584715103e+07
 1.3795952003e+03  2.3762050637e+07
 1.3796243046e+03  2.3762050637e+07
 1.3941447440e+03  2.8345336550e+07
 1.3941741553e+03  2.8345336550e+07
 1.4086942878e+03  3.3318926355e+07
 1.4087240060e+03  3.3318926355e+07
 1.4232438315e+03  3.8662228135e+07
 1.4232738567e+03  3.8662228135e+07
 1.4377933753e+03  4.4349823809e+07
 1.4378237074e+03  4.4349823809e+07
 1.4523429190e+03  5.0351653144e+07
 1.4523735581e+03  5.0351653144e+07
 1.4668924628e+03  5.6633260674e+07
 1.4669234088e+03  5.6633260674e+07
 1.4814420065e+03  6.3156102768e+07
 1.4814732595e+03  6.3156102768e+07
 1.4959915503e+03  6.9877911228e+07
 1.4960231102e+03  6.9877911228e+07
 1.5105410941e+03  7.6753108964e+07
 1.5105729609e+03  7.6753108964e+07
 1.5250906378e+03  8.3733272554e+07
 1.5251228116e+03  8.3733272554e+07
 1.5396401816e+03  9.0767635796e+07
 1.5396726622e+03  9.0767635796e+07
 1.5541897253e+03  9.7803627783e+07
 1.5542225129e+03  9.7803627783e+07
 1.5687392691e+03  1.0478743852e+08
 1.5687723636e+03  1.0478743852e+08
 1.5832888128e+03  1.1166460472e+08
 1.5833222143e+03  1.1166460472e+08
 1.5978383566e+03  1.1838060810e+08
 1.5978720650e+03  1.1838060810e+08
 1.6123879004e+03  1.2488147829e+08
 1.6124219157e+03  1.2488147829e+08
 1.6269374441e+03  1.3111439261e+08
 1.6269717664e+03  1.3111439261e+08
 1.6414869879e+03  1.3702826462e+08
 1.6415216171e+03  1.3702826462e+08
 1.6560365316e+03  1.4257431388e+08
 1.6560714678e+03  1.4257431388e+08
 1.6705860754e+03  1.4770660959e+08
 1.6706213185e+03  1.4770660959e+08
 1.6851356191e+03  1.5238258081e+08
 1.6851711692e+03  1.5238258081e+08
 1.6996851629e+03  1.5656348694e+08
 1.6997210199e+03  1.5656348694e+08
 1.7142347066e+03  1.6021484233e+08
 1.7142708706e+03  1.6021484233e+08
 1.7287842504e+03  1.6330678974e+08
 1.7288207213e+03  1.6330678974e+08
 1.7433337942e+03  1.6581441797e+08
 1.7433705720e+03  1.6581441797e+08
 1.7578833379e+03  1.6771801993e+08
 1.7579204227e+03  1.6771801993e+08
 1.7724328817e+03  1.6900328805e+08
 1.7724702734e+03  1.6900328805e+08
 1.7869824254e+03  1.6966144496e+08
 1.7870201241e+03  1.6966144496e+08
 1.8015319692e+03  1.6968930827e+08
 1.8015699748e+03  1.6968930827e+08
 1.8160815129e+03  1.6908928901e+08
 1.8161198255e+03  1.6908928901e+08
 1.8306310567e+03  1.6786932439e+08
 1.8306696762e+03  1.6786932439e+08
 1.8451806004e+03  1.6604274637e+08
 1.8452195269e+03  1.6604274637e+08
 1.8597301442e+03  1.6362808829e+08
 1.8597693776e+03  1.6362808829e+08
 1.8742796880e+03  1.6064883270e+08
 1.8743192283e+03  1.6064883270e+08
 1.8888292317e+03  1.5713310441e+08
 1.8888690790e+03  1.5713310441e+08
 1.9033787755e+03  1.5311331309e+08
 1.9034189297e+03  1.5311331309e+08
 1.9179283192e+03  1.4862575095e+08
 1.9179687804e+03  1.4862575095e+08
 1.9324778630e+03  1.4371015091e+08
 1.9325186311e+03  1.4371015091e+08
 1.9470274067e+03  1.3840921174e+08
 1.9470684818e+03  1.3840921174e+08
 1.9615769505e+03  1.3276809654e+08
 1.9616183325e+03  1.3276809654e+08
 1.9761264943e+03  1.2683391148e+08
 1.9761681832e+03  1.2683391148e+08
 1.9906760380e+03  1.2065517165e+08
 1.9907180339e+03  1.2065517165e+08
 2.0052255818e+03  1.1428126113e+08
 2.0052678846e+03  1.1428126113e+08
 2.0197751255e+03  1.0776189432e+08
 2.0198177353e+03  1.0776189432e+08
 2.0343246693e+03  1.0114658513e+08
 2.0343675860e+03  1.0114658513e+08
 2.0488742130e+03  9.4484130920e+07
 2.0489174367e+03  9.4484130920e+07
 2.0634237568e+03  8.7822117252e+07
 2.0634672874e+03  8.7822117252e+07
 2.0779733005e+03  8.1206449393e+07
 2.0780171380e+03  8.1206449393e+07
 2.0925228443e+03  7.4680915964e+07
 2.0925669887e+03  7.4680915964e+07
 2.1070723881e+03  6.8286789522e+07
 2.1071168394e+03  6.8286789522e+07
 2.1216219318e+03  6.2062468311e+07
 2.1216666901e+03  6.2062468311e+07
 2.1361714756e+03  5.6043162733e+07
 2.1362165408e+03  5.6043162733e+07
 2.1507210193e+03  5.0260629411e+07
 2.1507663915e+03  5.0260629411e+07
 2.1652705631e+03  4.4742954984e+07
 2.1653162422e+03  4.4742954984e+07
 2.1798201068e+03  3.9514391040e+07
 2.1798660929e+03  3.9514391040e+07
 2.1943696506e+03  3.4595240878e+07
 2.1944159436e+03  3.4595240878e+07
 2.2089191944e+03  3.0001798017e+07
 2.2089657943e+03  3.0001798017e+07
 2.2234687381e+03  2.5746335712e+07
 2.2235156450e+03  2.5746335712e+07
 2.2380182819e+03  2.1837145999e+07
 2.2380654957e+03  2.1837145999e+07
 2.2525678256e+03  1.8278626201e+07
 2.2526153464e+03  1.8278626201e+07
 2.2671173694e+03  1.5071410176e+07
 2.2671651971e+03  1.5071410176e+07
 2.2816669131e+03  1.2212541088e+07
 2.2817150478e+03  1.2212541088e+07
 2.2962164569e+03  9.6956819765e+06
 2.2962648985e+03  9.6956819765e+06
 2.3107660006e+03  7.5113599949e+06
 2.3108147492e+03  7.5113599949e+06
 2.3253155444e+03  5.6472398335e+06
 2.3253645999e+03  5.6472398335e+06
 2.3398650882e+03  4.0884215960e+06
 2.3399144506e+03  4.0884215960e+06
 2.3544146319e+03  2.8177581881e+06
 2.3544643013e+03  2.8177581881e+06
 2.3689641757e+03  1.8161871735e+06
 2.3690141520e+03  1.8161871735e+06
 2.3835137194e+03  1.0630720170e+06
 2.3835640027e+03  1.0630720170e+06
 2.3980632632e+03  5.3654767403e+05
 2.3981138534e+03  5.3654767403e+05
 2.4126128069e+03  2.1386559966e+05
 2.4126637041e+03  2.1386559966e+05
 2.4271623507e+03  7.1733436681e+04
 2.4272135548e+03  7.1733436681e+04
 2.4417118944e+03  8.6644887149e+04
 2.4417634055e+03  8.6644887149e+04
 2.4562614382e+03  2.3519558188e+05
 2.4563132562e+03  2.3519558188e+05
 2.4708109820e+03  4.9438112070e+05
 2.4708631069e+03  4.9438112070e+05
 2.4853605257e+03  8.4187386222e+05
 2.4854129576e+03  8.4187386222e+05
 2.4999100695e+03  1.2562754844e+06
 2.4999628083e+03  1.2562754844e+06
 2.5144596132e+03  1.7173428103e+06
 2.5145126590e+03  1.7173428103e+06
 2.5290091570e+03  2.2061848882e+06
 2.5290625097e+03  2.2061848882e+06
 2.5435587007e+03  2.7054298202e+06
 2.5436123604e+03  2.7054298202e+06
 2.5581082445e+03  3.1993603506e+06
 2.5581622111e+03  3.1993603506e+06
 2.5726577883e+03  3.6740177282e+06
 2.5727120618e+03  3.6740177282e+06
 2.5872073320e+03  4.1172738595e+06
 2.5872619125e+03  4.1172738595e+06
 2.6017568758e+03  4.5188722458e+06
 2.6018117632e+03  4.5188722458e+06
 2.6163064195e+03  4.8704386514e+06
 2.6163616138e+03  4.8704386514e+06
 2.6308559633e+03  5.1654628738e+06
 2.6309114645e+03  5.1654628738e+06
 2.6454055070e+03  5.3992533659e+06
 2.6454613152e+03  5.3992533659e+06
 2.6599550508e+03  5.5688668079e+06
 2.6600111659e+03  5.5688668079e+06
 2.6745045945e+03  5.6730150183e+06
 2.6745610166e+03  5.6730150183e+06
 2.6890541383e+03  5.7119518400e+06
 2.6891108673e+03  5.7119518400e+06
 2.7036036821e+03  5.6873428337e+06
 2.7036607180e+03  5.6873428337e+06
 2.7181532258e+03  5.6021207503e+06
 2.7182105687e+03  5.6021207503e+06
 2.7327027696e+03  5.4603298446e+06
 2.7327604194e+03  5.4603298446e+06
 2.7472523133e+03  5.2669621254e+06
 2.7473102701e+03  5.2669621254e+06
 2.7618018571e+03  5.0277886251e+06
 2.7618601208e+03  5.0277886251e+06
 2.7763514008e+03  4.7491887023e+06
 2.7764099715e+03  4.7491887023e+06
 2.7909009446e+03  4.4379802845e+06
 2.7909598222e+03  4.4379802845e+06
 2.8054504884e+03  4.1012537991e+06
 2.8055096729e+03  4.1012537991e+06
 2.8200000321e+03  3.7462123519e+06
 2.8200595236e+03  3.7462123519e+06
 2.8345495759e+03  3.3800204828e+06
 2.8346093743e+03  3.3800204828e+06
 2.8490991196e+03  3.0096635749e+06
 2.8491592250e+03  3.0096635749e+06
 2.8636486634e+03  2.6418197121e+06
 2.8637090757e+03  2.6418197121e+06
 2.8781982071e+03  2.2827454847e+06
 2.8782589264e+03  2.2827454847e+06
 2.8927477509e+03  1.9381769322e+06
 2.8928087771e+03  1.9381769322e+06
 2.9072972946e+03  1.6132464967e+06
 2.9073586278e+03  1.6132464967e+06
 2.9218468384e+03  1.3124165440e+06
 2.9219084785e+03  1.3124165440e+06
 2.9363963822e+03  1.0394296957e+06
 2.9364583292e+03  1.0394296957e+06
 2.9509459259e+03  7.9727591418e+05
 2.9510081799e+03  7.9727591418e+05
 2.9654954697e+03  5.8817599265e+05
 2.9655580306e+03  5.8817599265e+05
 2.9800450134e+03  4.1358083389e+05
 2.9801078813e+03  4.1358083389e+05
 2.9945945572e+03  2.7418565305e+05
 2.9946577320e+03  2.7418565305e+05
 3.0091441009e+03  1.6995801973e+05
 3.0092075827e+03  1.6995801973e+05
 3.0236936447e+03  1.0017846205e+05
 3.0237574334e+03  1.0017846205e+05
 3.0382431884e+03  6.3492193986e+04
 3.0383072841e+03  6.3492193986e+04
 3.0527927322e+03  5.7970399068e+04
 3.0528571348e+03  5.7970399068e+04
 3.0673422760e+03  8.1179407737e+04
 3.0674069855e+03  8.1179407737e+04
 3.0818918197e+03  1.3025604480e+05
 3.0819568362e+03  1.3025604480e+05
 3.0964413635e+03  2.0198739519e+05
 3.0965066869e+03  2.0198739519e+05
 3.1109909072e+03  2.9289324119e+05
 3.1110565376e+03  2.9289324119e+05
 3.1255404510e+03  3.9930946011e+05
 3.1256063883e+03  3.9930946011e+05
 3.1400899947e+03  5.1747073687e+05
 3.1401562389e+03  5.1747073687e+05
 3.1546395385e+03  6.4359103786e+05
 3.1547060896e+03  6.4359103786e+05
 3.1691890823e+03  7.7394040925e+05
 3.1692559403e+03  7.7394040925e+05
 3.1837386260e+03  9.0491679999e+05
 3.1838057910e+03  9.0491679999e+05
 3.1982881698e+03  1.0331117653e+06
 3.1983556417e+03  1.0331117653e+06
 3.2128377135e+03  1.1553690757e+06
 3.2129054924e+03  1.1553690757e+06
 3.2273872573e+03  1.2688354366e+06
 3.2274553431e+03  1.2688354366e+06
 3.2419368010e+03  1.3710027106e+06
 3.2420051938e+03  1.3710027106e+06
 3.2564863448e+03  1.4597412244e+06
 3.2565550445e+03  1.4597412244e+06
 3.2710358885e+03  1.5333239306e+06
 3.2711048952e+03  1.5333239306e+06
 3.2855854323e+03  1.5904413833e+06
 3.2856547459e+03  1.5904413833e+06
 3.3001349761e+03  1.6302076601e+06
 3.3002045966e+03  1.6302076601e+06
 3.3146845198e+03  1.6521575358e+06
 3.3147544473e+03  1.6521575358e+06
 3.3292340636e+03  1.6562353648e+06
 3.3293042980e+03  1.6562353648e+06
 3.3437836073e+03  1.6427762707e+06
 3.3438541487e+03  1.6427762707e+06
 3.3583331511e+03  1.6124803630e+06
 3.3584039994e+03  1.6124803630e+06
 3.3728826948e+03  1.5663808069e+06
 3.3729538501e+03  1.5663808069e+06
 3.3874322386e+03  1.5058066514e+06
 3.3875037008e+03  1.5058066514e+06
 3.4019817823e+03  1.4323413876e+06
 3.4020535515e+03  1.4323413876e+06
 3.4165313261e+03  1.3477782491e+06
 3.4166034022e+03  1.3477782491e+06
 3.4310808699e+03  1.2540732845e+06
 3.4311532529e+03  1.2540732845e+06
 3.4456304136e+03  1.1532972370e+06
 3.4457031036e+03  1.1532972370e+06
 3.4601799574e+03  1.0475872382e+06
 3.4602529543e+03  1.0475872382e+06
 3.4747295011e+03  9.3909929181e+05
 3.4748028050e+03  9.3909929181e+05
 3.4892790449e+03  8.2996246143e+05
 3.4893526557e+03  8.2996246143e+05
 3.5038285886e+03  7.2223560628e+05
 3.5039025064e+03  7.2223560628e+05
 3.5183781324e+03  6.1786742492e+05
 3.5184523571e+03  6.1786742492e+05
 3.5329276762e+03  5.1866046816e+05
 3.5330022078e+03  5.1866046816e+05
 3.5474772199e+03  4.2623967803e+05
 3.5475520585e+03  4.2623967803e+05
 3.5620267637e+03  3.4202589684e+05
 3.5621019092e+03  3.4202589684e+05
 3.5765763074e+03  2.6721467383e+05
 3.5766517599e+03  2.6721467383e+05
 3.5911258512e+03  2.0276057826e+05
 3.5912016106e+03  2.0276057826e+05
 3.6056753949e+03  1.4936711026e+05
 3.6057514613e+03  1.4936711026e+05
 3.6202249387e+03  1.0748218508e+05
 3.6203013120e+03  1.0748218508e+05
 3.6347744824e+03  7.7299056700e+04
 3.6348511627e+03  7.7299056700e+04
 3.6493240262e+03  5.8762443123e+04
 3.6494010134e+03  5.8762443123e+04
 3.6638735700e+03  5.1579521087e+04
 3.6639508641e+03  5.1579521087e+04
 3.6784231137e+03  5.5235373586e+04
 3.6785007147e+03  5.5235373586e+04
 3.6929726575e+03  6.9012400413e+04
 3.6930505654e+03  6.9012400413e+04
 3.7075222012e+03  9.2013141457e+04
 3.7076004161e+03  9.2013141457e+04
 3.7220717450e+03  1.2318591511e+05
 3.7221502668e+03  1.2318591511e+05
 3.7366212887e+03  1.6135264042e+05
 3.7367001175e+03  1.6135264042e+05
 3.7511708325e+03  2.0523819173e+05
 3.7512499682e+03  2.0523819173e+05
 3.7657203763e+03  2.5350062827e+05
 3.7657998189e+03  2.5350062827e+05
 3.7802699200e+03  3.0476164842e+05
 3.7803496696e+03  3.0476164842e+05
 3.7948194638e+03  3.5763663801e+05
 3.7948995203e+03  3.5763663801e+05
 3.8093690075e+03  4.1076371391e+05
 3.8094493710e+03  4.1076371391e+05
 3.8239185513e+03  4.6283120660e+05
 3.8239992217e+03  4.6283120660e+05
 3.8384680950e+03  5.1260307733e+05
 3.8385490724e+03  5.1260307733e+05
 3.8530176388e+03  5.5894182626e+05
 3.8530989231e+03  5.5894182626e+05
 3.8675671825e+03  6.0082851446e+05
 3.8676487738e+03  6.0082851446e+05
 3.8821167263e+03  6.3737959535e+05
 3.8821986245e+03  6.3737959535e+05
 3.8966662701e+03  6.6786032657e+05
 3.8967484752e+03  6.6786032657e+05
 3.9112158138e+03  6.9169461116e+05
 3.9112983259e+03  6.9169461116e+05
 3.9257653576e+03  7.0847119494e+05
 3.9258481766e+03  7.0847119494e+05
 3.9403149013e+03  7.1794622341e+05
 3.9403980273e+03  7.1794622341e+05
 3.9548644451e+03  7.2004223585e+05
 3.9549478780e+03  7.2004223585e+05
 3.9694139888e+03  7.1484374380e+05
 3.9694977287e+03  7.1484374380e+05
 3.9839635326e+03  7.0258960576e+05
 3.9840475794e+03  7.0258960576e+05
 3.9985130763e+03  6.8366246772e+05
 3.9985974301e+03  6.8366246772e+05
 4.0130626201e+03  6.5857558973e+05
 4.0131472808e+03  6.5857558973e+05
 4.0276121639e+03  6.2795742096e+05
 4.0276971315e+03  6.2795742096e+05
 4.0421617076e+03  5.9253431923e+05
 4.0422469822e+03  5.9253431923e+05
 4.0567112514e+03  5.5311183537e+05
 4.0567968329e+03  5.5311183537e+05
 4.0712607951e+03  5.1055499765e+05
 4.0713466836e+03  5.1055499765e+05
 4.0858103389e+03  4.6576803738e+05
 4.0858965343e+03  4.6576803738e+05
 4.1003598826e+03  4.1967399321e+05
 4.1004463850e+03  4.1967399321e+05
 4.1149094264e+03  3.7319461936e+05
 4.1149962357e+03  3.7319461936e+05
 4.1294589702e+03  3.2723100270e+05
 4.1295460864e+03  3.2723100270e+05
 4.1440085139e+03  2.8264526533e+05
 4.1440959371e+03  2.8264526533e+05
 4.1585580577e+03  2.4024369486e+05
 4.1586457878e+03  2.4024369486e+05
 4.1731076014e+03  2.0076160351e+05
 4.1731956385e+03  2.0076160351e+05
 4.1876571452e+03  1.6485017230e+05
 4.1877454892e+03  1.6485017230e+05
 4.2022066889e+03  1.3306548691e+05
 4.2022953399e+03  1.3306548691e+05
 4.2167562327e+03  1.0585992040e+05
 4.2168451905e+03  1.0585992040e+05
 4.2313057764e+03  8.3575964393e+04
 4.2313950412e+03  8.3575964393e+04
 4.2458553202e+03  6.6442556896e+04
 4.2459448919e+03  6.6442556896e+04
 4.2604048640e+03  5.4573901942e+04
 4.2604947426e+03  5.4573901942e+04
 4.2749544077e+03  4.7970725021e+04
 4.2750445933e+03  4.7970725021e+04
 4.2895039515e+03  4.6523860035e+04
 4.2895944440e+03  4.6523860035e+04
 4.3040534952e+03  5.0020018715e+04
 4.3041442947e+03  5.0020018715e+04
 4.3186030390e+03  5.8149553237e+04
 4.3186941454e+03  5.8149553237e+04
 4.3331525827e+03  7.0515987633e+04
 4.3332439961e+03  7.0515987633e+04
 4.3477021265e+03  8.6647064204e+04
 4.3477938468e+03  8.6647064204e+04
 4.3622516703e+03  1.0600702781e+05
 4.3623436975e+03  1.0600702781e+05
 4.3768012140e+03  1.2800985404e+05
 4.3768935482e+03  1.2800985404e+05
 4.3913507578e+03  1.5203311693e+05
 4.3914433989e+03  1.5203311693e+05
 4.4059003015e+03  1.7743218804e+05
 4.4059932496e+03  1.7743218804e+05
 4.4204498453e+03  2.0355446148e+05
 4.4205431003e+03  2.0355446148e+05
 4.4349993890e+03  2.2975330817e+05
 4.4350929510e+03  2.2975330817e+05
 4.4495489328e+03  2.5540147749e+05
 4.4496428017e+03  2.5540147749e+05
 4.4640984765e+03  2.7990368427e+05
 4.4641926524e+03  2.7990368427e+05
 4.4786480203e+03  3.0270814405e+05
 4.4787425031e+03  3.0270814405e+05
 4.4931975641e+03  3.2331684842e+05
 4.4932923538e+03  3.2331684842e+05
 4.5077471078e+03  3.4129440457e+05
 4.5078422045e+03  3.4129440457e+05
 4.5222966516e+03  3.5627529812e+05
 4.5223920552e+03  3.5627529812e+05
 4.5368461953e+03  3.6796947544e+05
 4.5369419059e+03  3.6796947544e+05
 4.5513957391e+03  3.7616617910e+05
 4.5514917566e+03  3.7616617910e+05
 4.5659452828e+03  3.8073600878e+05
 4.5660416073e+03  3.8073600878e+05
 4.5804948266e+03  3.8163121705e+05
 4.5805914580e+03  3.8163121705e+05
 4.5950443703e+03  3.7888428618e+05
 4.5951413087e+03  3.7888428618e+05
 4.6095939141e+03  3.7260486604e+05
 4.6096911594e+03  3.7260486604e+05
 4.6241434579e+03  3.6297518519e+05
 4.6242410101e+03  3.6297518519e+05
 4.6386930016e+03  3.5024407511e+05
 4.6387908608e+03  3.5024407511e+05
 4.6532425454e+03  3.3471977292e+05
 4.6533407115e+03  3.3471977292e+05
 4.6677920891e+03  3.1676168777e+05
 4.6678905622e+03  3.1676168777e+05
 4.6823416329e+03  2.9677133288e+05
 4.6824404129e+03  2.9677133288e+05
 4.6968911766e+03  2.7518263624e+05
 4.6969902636e+03  2.7518263624e+05
 4.7114407204e+03  2.5245185005e+05
 4.7115401143e+03  2.5245185005e+05
 4.7259902642e+03  2.2904728091e+05
 4.7260899650e+03  2.2904728091e+05
 4.7405398079e+03  2.0543906027e+05
 4.7406398157e+03  2.0543906027e+05
 4.7550893517e+03  1.8208916738e+05
 4.7551896663e+03  1.8208916738e+05
 4.7696388954e+03  1.5944190608e+05
 4.7697395170e+03  1.5944190608e+05
 4.7841884392e+03  1.3791502122e+05
 4.7842893677e+03  1.3791502122e+05
 4.7987379829e+03  1.1789162240e+05
 4.7988392184e+03  1.1789162240e+05
 4.8132875267e+03  9.9713060972e+04
 4.8133890691e+03  9.9713060972e+04
 4.8278370704e+03  8.3672882476e+04
 4.8279389198e+03  8.3672882476e+04
 4.8423866142e+03  7.0011950860e+04
 4.8424887705e+03  7.0011950860e+04
 4.8569361580e+03  5.8914813841e+04
 4.8570386212e+03  5.8914813841e+04
 4.8714857017e+03  5.0507351000e+04
 4.8715884719e+03  5.0507351000e+04
 4.8860352455e+03  4.4855718355e+04
 4.8861383226e+03  4.4855718355e+04
 4.9005847892e+03  4.1966575853e+04
 4.9006881733e+03  4.1966575853e+04
 4.9151343330e+03  4.1788557844e+04
 4.9152380240e+03  4.1788557844e+04
 4.9296838767e+03  4.4214921844e+04
 4.9297878747e+03  4.4214921844e+04
 4.9442334205e+03  4.9087288136e+04
 4.9443377254e+03  4.9087288136e+04
 4.9587829642e+03  5.6200362389e+04
 4.9588875761e+03  5.6200362389e+04
 4.9733325080e+03  6.5307515963e+04
 4.9734374268e+03  6.5307515963e+04
 4.9878820518e+03  7.6127084049e+04
 4.9879872775e+03  7.6127084049e+04
 5.0024315955e+03  8.8349230645e+04
 5.0025371282e+03  8.8349230645e+04
 5.0169811393e+03  1.0164322156e+05
 5.0170869789e+03  1.0164322156e+05
 5.0315306830e+03  1.1566494242e+05
 5.0316368296e+03  1.1566494242e+05
 5.0460802268e+03  1.3006449793e+05
 5.0461866803e+03  1.3006449793e+05
 5.0606297705e+03  1.4449373113e+05
 5.0607365310e+03  1.4449373113e+05
 5.0751793143e+03  1.5861350761e+05
 5.0752863817e+03  1.5861350761e+05
 5.0897288581e+03  1.7210061836e+05
 5.0898362324e+03  1.7210061836e+05
 5.1042784018e+03  1.8465416687e+05
 5.1043860831e+03  1.8465416687e+05
 5.1188279456e+03  1.9600132048e+05
 5.1189359338e+03  1.9600132048e+05
 5.1333774893e+03  2.0590232207e+05
 5.1334857845e+03  2.0590232207e+05
 5.1479270331e+03  2.1415467669e+05
 5.1480356352e+03  2.1415467669e+05
 5.1624765768e+03  2.2059644681e+05
 5.1625854859e+03  2.2059644681e+05
 5.1770261206e+03  2.2510861054e+05
 5.1771353366e+03  2.2510861054e+05
 5.1915756643e+03  2.2761645748e+05
 5.1916851873e+03  2.2761645748e+05
 5.2061252081e+03  2.2809001798e+05
 5.2062350380e+03  2.2809001798e+05
 5.2206747519e+03  2.2654354163e+05
 5.2207848887e+03  2.2654354163e+05
 5.2352242956e+03  2.2303406025e+05
 5.2353347394e+03  2.2303406025e+05
 5.2497738394e+03  2.1765908895e+05
 5.2498845901e+03  2.1765908895e+05
 5.2643233831e+03  2.1055353533e+05
 5.2644344408e+03  2.1055353533e+05
 5.2788729269e+03  2.0188590168e+05
 5.2789842915e+03  2.0188590168e+05
 5.2934224706e+03  1.9185387770e+05
 5.2935341421e+03  1.9185387770e+05
 5.3079720144e+03  1.8067943131e+05
 5.3080839928e+03  1.8067943131e+05
 5.3225215582e+03  1.6860351314e+05
 5.3226338435e+03  1.6860351314e+05
 5.3370711019e+03  1.5588049518e+05
 5.3371836942e+03  1.5588049518e+05
 5.3516206457e+03  1.4277246690e+05
 5.3517335449e+03  1.4277246690e+05
 5.3661701894e+03  1.2954351161e+05
 5.3662833956e+03  1.2954351161e+05
 5.3807197332e+03  1.1645408357e+05
 5.3808332463e+03  1.1645408357e+05
 5.3952692769e+03  1.0375560115e+05
 5.3953830970e+03  1.0375560115e+05
 5.4098188207e+03  9.1685363662e+04
 5.4099329477e+03  9.1685363662e+04
 5.4243683644e+03  8.0461890588e+04
 5.4244827984e+03  8.0461890588e+04
 5.4389179082e+03  7.0280770148e+04
 5.4390326491e+03  7.0280770148e+04
 5.4534674520e+03  6.1311091754e+04
 5.4535824998e+03  6.1311091754e+04
 5.4680169957e+03  5.3692522635e+04
 5.4681323505e+03  5.3692522635e+04
 5.4825665395e+03  4.7533074096e+04
 5.4826822012e+03  4.7533074096e+04
 5.4971160832e+03  4.2907587339e+04
 5.4972320519e+03  4.2907587339e+04
 5.5116656270e+03  3.9856952987e+04
 5.5117819026e+03  3.9856952987e+04
 5.5262151707e+03  3.8388062835e+04
 5.5263317533e+03  3.8388062835e+04
 5.5407647145e+03  3.8474477053e+04
 5.5408816040e+03  3.8474477053e+04
 5.5553142582e+03  4.0057775563e+04
 5.5554314547e+03  4.0057775563e+04
 5.5698638020e+03  4.3049548764e+04
 5.5699813054e+03  4.3049548764e+04
 5.5844133458e+03  4.7333970510e+04
 5.5845311561e+03  4.7333970510e+04
 5.5989628895e+03  5.2770885482e+04
 5.5990810068e+03  5.2770885482e+04
 5.6135124333e+03  5.9199333947e+04
 5.6136308575e+03  5.9199333947e+04
 5.6280619770e+03  6.6441429653e+04
 5.6281807082e+03  6.6441429653e+04
 5.6426115208e+03  7.4306501201e+04
 5.6427305589e+03  7.4306501201e+04
 5.6571610645e+03  8.2595403922e+04
 5.6572804096e+03  8.2595403922e+04
 5.6717106083e+03  9.1104907894e+04
 5.6718302603e+03  9.1104907894e+04
 5.6862601521e+03  9.9632068422e+04
 5.6863801110e+03  9.9632068422e+04
 5.7008096958e+03  1.0797848787e+05
 5.7009299617e+03  1.0797848787e+05
 5.7153592396e+03  1.1595438216e+05
 5.7154798124e+03  1.1595438216e+05
 5.7299087833e+03  1.2338237138e+05
 5.7300296631e+03  1.2338237138e+05
 5.7444583271e+03  1.3010092161e+05
 5.7445795138e+03  1.3010092161e+05
 5.7590078708e+03  1.3596737410e+05
 5.7591293645e+03  1.3596737410e+05
 5.7735574146e+03  1.4086050787e+05
 5.7736792152e+03  1.4086050787e+05
 5.7881069583e+03  1.4468259322e+05
 5.7882290659e+03  1.4468259322e+05
 5.8026565021e+03  1.4736090465e+05
 5.8027789166e+03  1.4736090465e+05
 5.8172060459e+03  1.4884867437e+05
 5.8173287673e+03  1.4884867437e+05
 5.8317555896e+03  1.4912547921e+05
 5.8318786179e+03  1.4912547921e+05
 5.8463051334e+03  1.4819706592e+05
 5.8464284686e+03  1.4819706592e+05
 5.8608546771e+03  1.4609463156e+05
 5.8609783193e+03  1.4609463156e+05
 5.8754042209e+03  1.4287358647e+05
 5.8755281700e+03  1.4287358647e+05
 5.8899537646e+03  1.3861183758e+05
 5.8900780207e+03  1.3861183758e+05
 5.9045033084e+03  1.3340763912e+05
 5.9046278714e+03  1.3340763912e+05
 5.9190528522e+03  1.2737706534e+05
 5.9191777221e+03  1.2737706534e+05
 5.9336023959e+03  1.2065116700e+05
 5.9337275728e+03  1.2065116700e+05
 5.9481519397e+03  1.1337287815e+05
 5.9482774235e+03  1.1337287815e+05
 5.9627014834e+03  1.0569374365e+05
 5.9628272742e+03  1.0569374365e+05
 5.9772510272e+03  9.7770540019e+04
 5.9773771249e+03  9.7770540019e+04
 5.9918005709e+03  8.9761862605e+04
 5.9919269756e+03  8.9761862605e+04
 6.0063501147e+03  8.1824751327e+04
 6.0064768263e+03  8.1824751327e+04
 6.0208996584e+03  7.4111424678e+04
 6.0210266770e+03  7.4111424678e+04
 6.0354492022e+03  6.6766187860e+04
 6.0355765277e+03  6.6766187860e+04
 6.0499987460e+03  5.9922575828e+04
 6.0501263784e+03  5.9922575828e+04
 6.0645482897e+03  5.3700785732e+04
 6.0646762291e+03  5.3700785732e+04
 6.0790978335e+03  4.8205445991e+04
 6.0792260798e+03  4.8205445991e+04
 6.0936473772e+03  4.3523761127e+04
 6.0937759305e+03  4.3523761127e+04
 6.1081969210e+03  3.9724062808e+04
 6.1083257812e+03  3.9724062808e+04
 6.1227464647e+03  3.6854788347e+04
 6.1228756319e+03  3.6854788347e+04
 6.1372960085e+03  3.4943898545e+04
 6.1374254826e+03  3.4943898545e+04
 6.1518455522e+03  3.3998737313e+04
 6.1519753333e+03  3.3998737313e+04
 6.1663950960e+03  3.4006326244e+04
 6.1665251840e+03  3.4006326244e+04
 6.1809446398e+03  3.4934078374e+04
 6.1810750347e+03  3.4934078374e+04
 6.1954941835e+03  3.6730906987e+04
 6.1956248854e+03  3.6730906987e+04
 6.2100437273e+03  3.9328697591e+04
 6.2101747361e+03  3.9328697591e+04
 6.2245932710e+03  4.2644104341e+04
 6.2247245868e+03  4.2644104341e+04
 6.2391428148e+03  4.6580626236e+04
 6.2392744375e+03  4.6580626236e+04
 6.2536923585e+03  5.1030913609e+04
 6.2538242882e+03  5.1030913609e+04
 6.2682419023e+03  5.5879251652e+04
 6.2683741389e+03  5.5879251652e+04
 6.2827914461e+03  6.1004165253e+04
 6.2829239896e+03  6.1004165253e+04
 6.2973409898e+03  6.6281088055e+04
 6.2974738403e+03  6.6281088055e+04
 6.3118905336e+03  7.1585038593e+04
 6.3120236910e+03  7.1585038593e+04
 6.3264400773e+03  7.6793247442e+04
 6.3265735417e+03  7.6793247442e+04
 6.3409896211e+03  8.1787681553e+04
 6.3411233924e+03  8.1787681553e+04
 6.3555391648e+03  8.6457415267e+04
 6.3556732430e+03  8.6457415267e+04
 6.3700887086e+03  9.0700801802e+04
 6.3702230937e+03  9.0700801802e+04
 6.3846382523e+03  9.4427404137e+04
 6.3847729444e+03  9.4427404137e+04
 6.3991877961e+03  9.7559650161e+04
 6.3993227951e+03  9.7559650161e+04
 6.4137373399e+03  1.0003418342e+05
 6.4138726458e+03  1.0003418342e+05
 6.4282868836e+03  1.0180288780e+05
 6.4284224965e+03  1.0180288780e+05
 6.4428364274e+03  1.0283357170e+05
 6.4429723472e+03  1.0283357170e+05
 6.4573859711e+03  1.0311030472e+05
 6.4575221979e+03  1.0311030472e+05
 6.4719355149e+03  1.0263340716e+05
 6.4720720486e+03  1.0263340716e+05
 6.4864850586e+03  1.0141910009e+05
 6.4866218993e+03  1.0141910009e+05
 6.5010346024e+03  9.9498830350e+04
 6.5011717500e+03  9.9498830350e+04
 6.5155841461e+03  9.6918291505e+04
 6.5157216007e+03  9.6918291505e+04
 6.5301336899e+03  9.3736167735e+04
 6.5302714514e+03  9.3736167735e+04
 6.5446832337e+03  9.0022632581e+04
 6.5448213021e+03  9.0022632581e+04
 6.5592327774e+03  8.5857639137e+04
 6.5593711528e+03  8.5857639137e+04
 6.5737823212e+03  8.1329041735e+04
 6.5739210035e+03  8.1329041735e+04
 6.5883318649e+03  7.6530591865e+04
 6.5884708542e+03  7.6530591865e+04
 6.6028814087e+03  7.1559852761e+04
 6.6030207049e+03  7.1559852761e+04
 6.6174309524e+03  6.6516077885e+04
 6.6175705556e+03  6.6516077885e+04
 6.6319804962e+03  6.1498098300e+04
 6.6321204063e+03  6.1498098300e+04
 6.6465300400e+03  5.6602262804e+04
 6.6466702570e+03  5.6602262804e+04
 6.6610795837e+03  5.1920472695e+04
 6.6612201077e+03  5.1920472695e+04
 6.6756291275e+03  4.7538350161e+04
 6.6757699584e+03  4.7538350161e+04
 6.6901786712e+03  4.3533575706e+04
 6.6903198091e+03  4.3533575706e+04
 6.7047282150e+03  3.9974425763e+04
 6.7048696598e+03  3.9974425763e+04
 6.7192777587e+03  3.6918536825e+04
 6.7194195105e+03  3.6918536825e+04
 6.7338273025e+03  3.4411917155e+04
 6.7339693612e+03  3.4411917155e+04
 6.7483768462e+03  3.2488221561e+04
 6.7485192119e+03  3.2488221561e+04
 6.7629263900e+03  3.1168298904e+04
 6.7630690626e+03  3.1168298904e+04
 6.7774759338e+03  3.0460016155e+04
 6.7776189133e+03  3.0460016155e+04
 6.7920254775e+03  3.0358356949e+04
 6.7921687640e+03  3.0358356949e+04
 6.8065750213e+03  3.0845786959e+04
 6.8067186147e+03  3.0845786959e+04
 6.8211245650e+03  3.1892872983e+04
 6.8212684654e+03  3.1892872983e+04
 6.8356741088e+03  3.3459137646e+04
 6.8358183161e+03  3.3459137646e+04
 6.8502236525e+03  3.5494127090e+04
 6.8503681668e+03  3.5494127090e+04
 6.8647731963e+03  3.7938665055e+04
 6.8649180175e+03  3.7938665055e+04
 6.8793227401e+03  4.0726263438e+04
 6.8794678682e+03  4.0726263438e+04
 6.8938722838e+03  4.3784656747e+04
 6.8940177188e+03  4.3784656747e+04
 6.9084218276e+03  4.7037426000e+04
 6.9085675695e+03  4.7037426000e+04
 6.9229713713e+03  5.0405676420e+04
 6.9231174202e+03  5.0405676420e+04
 6.9375209151e+03  5.3809732926e+04
 6.9376672709e+03  5.3809732926e+04
 6.9520704588e+03  5.7170817751e+04
 6.9522171216e+03  5.7170817751e+04
 6.9666200026e+03  6.0412675646e+04
 6.9667669723e+03  6.0412675646e+04
 6.9811695463e+03  6.3463113899e+04
 6.9813168230e+03  6.3463113899e+04
 6.9957190901e+03  6.6255426838e+04
 6.9958666737e+03  6.6255426838e+04
 7.0102686339e+03  6.8729677523e+04
 7.0104165244e+03  6.8729677523e+04
 7.0248181776e+03  7.0833812817e+04
 7.0249663751e+03  7.0833812817e+04
 7.0393677214e+03  7.2524592000e+04
 7.0395162258e+03  7.2524592000e+04
 7.0539172651e+03  7.3768313358e+04
 7.0540660765e+03  7.3768313358e+04
 7.0684668089e+03  7.4541327667e+04
 7.0686159272e+03  7.4541327667e+04
 7.0830163526e+03  7.4830332185e+04
 7.0831657779e+03  7.4830332185e+04
 7.0975658964e+03  7.4632443398e+04
 7.0977156286e+03  7.4632443398e+04
 7.1121154401e+03  7.3955051449e+04
 7.1122654793e+03  7.3955051449e+04
 7.1266649839e+03  7.2815463617e+04
 7.1268153300e+03  7.2815463617e+04
 7.1412145277e+03  7.1240348448e+04
 7.1413651807e+03  7.1240348448e+04
 7.1557640714e+03  6.9264996080e+04
 7.1559150314e+03  6.9264996080e+04
 7.1703136152e+03  6.6932413750e+04
 7.1704648821e+03  6.6932413750e+04
 7.1848631589e+03  6.4292278573e+04
 7.1850147328e+03  6.4292278573e+04
 7.1994127027e+03  6.1399772165e+04
 7.1995645835e+03  6.1399772165e+04
 7.2139622464e+03  5.8314323656e+04
 7.2141144342e+03  5.8314323656e+04
 7.2285117902e+03  5.5098289020e+04
 7.2286642849e+03  5.5098289020e+04
 7.2430613340e+03  5.1815595396e+04
 7.2432141356e+03  5.1815595396e+04
 7.2576108777e+03  4.8530379256e+04
 7.2577639863e+03  4.8530379256e+04
 7.2721604215e+03  4.5305646816e+04
 7.2723138370e+03  4.5305646816e+04
 7.2867099652e+03  4.2201984058e+04
 7.2868636877e+03  4.2201984058e+04
 7.3012595090e+03  3.9276342181e+04
 7.3014135384e+03  3.9276342181e+04
 7.3158090527e+03  3.6580922214e+04
 7.3159633891e+03  3.6580922214e+04
 7.3303585965e+03  3.4162179984e+04
 7.3305132398e+03  3.4162179984e+04
 7.3449081402e+03  3.2059969766e+04
 7.3450630905e+03  3.2059969766e+04
 7.3594576840e+03  3.0306841650e+04
 7.3596129412e+03  3.0306841650e+04
 7.3740072278e+03  2.8927504228e+04
 7.3741627919e+03  2.8927504228e+04
 7.3885567715e+03  2.7938460514e+04
 7.3887126426e+03  2.7938460514e+04
 7.4031063153e+03  2.7347821294e+04
 7.4032624933e+03  2.7347821294e+04
 7.4176558590e+03  2.7155296329e+04
 7.4178123440e+03  2.7155296329e+04
 7.4322054028e+03  2.7352360141e+04
 7.4323621946e+03  2.7352360141e+04
 7.4467549465e+03  2.7922585572e+04
 7.4469120453e+03  2.7922585572e+04
 7.4613044903e+03  2.8842134951e+04
 7.4614618960e+03  2.8842134951e+04
